idna_subject,checker_type,destination,source,tested_at,session_id
ayosemarang.com,AVAILABILITY,origin.list,origin.list,2001-08-30 04:38:18.323292,fcaef3d6259ab0cf80ecd5a5
ayosurabaya.com,AVAILABILITY,origin.list,origin.list,2001-08-30 04:38:18.329895,fcaef3d6259ab0cf80ecd5a5
ayotegal.com,AVAILABILITY,origin.list,origin.list,2001-08-30 04:38:18.337435,fcaef3d6259ab0cf80ecd5a5
ayoyogya.com,AVAILABILITY,origin.list,origin.list,2001-08-30 04:38:18.344664,fcaef3d6259ab0cf80ecd5a5
babla.co.id,AVAILABILITY,origin.list,origin.list,2001-08-30 04:38:18.351652,fcaef3d6259ab0cf80ecd5a5
bacaan.id,AVAILABILITY,origin.list,origin.list,2001-08-30 04:38:18.358473,fcaef3d6259ab0cf80ecd5a5
bacaanasik.cc,AVAILABILITY,origin.list,origin.list,2001-08-30 04:38:18.365734,fcaef3d6259ab0cf80ecd5a5
bacakomik.co,AVAILABILITY,origin.list,origin.list,2001-08-30 04:38:18.373151,fcaef3d6259ab0cf80ecd5a5
bacapesan.com,AVAILABILITY,origin.list,origin.list,2001-08-30 04:38:18.381147,fcaef3d6259ab0cf80ecd5a5
bacaterus.com,AVAILABILITY,origin.list,origin.list,2001-08-30 04:38:18.387502,fcaef3d6259ab0cf80ecd5a5
backpackstory.me,AVAILABILITY,origin.list,origin.list,2001-08-30 04:38:18.394501,fcaef3d6259ab0cf80ecd5a5
bagas31.info,AVAILABILITY,origin.list,origin.list,2001-08-30 04:38:18.400664,fcaef3d6259ab0cf80ecd5a5
bagitekno.net,AVAILABILITY,origin.list,origin.list,2001-08-30 04:38:18.406770,fcaef3d6259ab0cf80ecd5a5
bakata.net,AVAILABILITY,origin.list,origin.list,2001-08-30 04:38:18.413581,fcaef3d6259ab0cf80ecd5a5
baksomerdeka.com,AVAILABILITY,origin.list,origin.list,2001-08-30 04:38:18.419538,fcaef3d6259ab0cf80ecd5a5
balapmotor.net,AVAILABILITY,origin.list,origin.list,2001-08-30 04:38:18.426410,fcaef3d6259ab0cf80ecd5a5
baliadvertiser.biz,AVAILABILITY,origin.list,origin.list,2001-08-30 04:38:18.434105,fcaef3d6259ab0cf80ecd5a5
balicars.info,AVAILABILITY,origin.list,origin.list,2001-08-30 04:38:18.440602,fcaef3d6259ab0cf80ecd5a5
baliekbis.com,AVAILABILITY,origin.list,origin.list,2001-08-30 04:38:18.447914,fcaef3d6259ab0cf80ecd5a5
baliportalnews.com,AVAILABILITY,origin.list,origin.list,2001-08-30 04:38:18.454918,fcaef3d6259ab0cf80ecd5a5
balipost.com,AVAILABILITY,origin.list,origin.list,2001-08-30 04:38:18.461750,fcaef3d6259ab0cf80ecd5a5
balipuspanews.com,AVAILABILITY,origin.list,origin.list,2001-08-30 04:38:18.468557,fcaef3d6259ab0cf80ecd5a5
balitopnews.com,AVAILABILITY,origin.list,origin.list,2001-08-30 04:38:18.477015,fcaef3d6259ab0cf80ecd5a5
bandarmovie21.com,AVAILABILITY,origin.list,origin.list,2001-08-30 04:38:18.484110,fcaef3d6259ab0cf80ecd5a5
bangbil.com,AVAILABILITY,origin.list,origin.list,2001-08-30 04:38:18.490262,fcaef3d6259ab0cf80ecd5a5
banghasan.com,AVAILABILITY,origin.list,origin.list,2001-08-30 04:38:18.500622,fcaef3d6259ab0cf80ecd5a5
bangsawan88.com,AVAILABILITY,origin.list,origin.list,2001-08-30 04:38:18.510565,fcaef3d6259ab0cf80ecd5a5
bangsawan88.net,AVAILABILITY,origin.list,origin.list,2001-08-30 04:38:18.519040,fcaef3d6259ab0cf80ecd5a5
bangsawan88.org,AVAILABILITY,origin.list,origin.list,2001-08-30 04:38:18.526542,fcaef3d6259ab0cf80ecd5a5
bangsawan88.vip,AVAILABILITY,origin.list,origin.list,2001-08-30 04:38:18.533831,fcaef3d6259ab0cf80ecd5a5
bangsiagian.id,AVAILABILITY,origin.list,origin.list,2001-08-30 04:38:18.541287,fcaef3d6259ab0cf80ecd5a5
banjirembun.com,AVAILABILITY,origin.list,origin.list,2001-08-30 04:38:18.548429,fcaef3d6259ab0cf80ecd5a5
bantengmerah.id,AVAILABILITY,origin.list,origin.list,2001-08-30 04:38:18.555433,fcaef3d6259ab0cf80ecd5a5
bantenkini.com,AVAILABILITY,origin.list,origin.list,2001-08-30 04:38:18.561985,fcaef3d6259ab0cf80ecd5a5
bantenku.co.id,AVAILABILITY,origin.list,origin.list,2001-08-30 04:38:18.568687,fcaef3d6259ab0cf80ecd5a5
bantennews.co.id,AVAILABILITY,origin.list,origin.list,2001-08-30 04:38:18.575941,fcaef3d6259ab0cf80ecd5a5
bantenraya.com,AVAILABILITY,origin.list,origin.list,2001-08-30 04:38:18.582443,fcaef3d6259ab0cf80ecd5a5
banuatv.com,AVAILABILITY,origin.list,origin.list,2001-08-30 04:38:18.589304,fcaef3d6259ab0cf80ecd5a5
baritaitah.co.id,AVAILABILITY,origin.list,origin.list,2001-08-30 04:38:18.596831,fcaef3d6259ab0cf80ecd5a5
baritopost.co.id,AVAILABILITY,origin.list,origin.list,2001-08-30 04:38:18.603456,fcaef3d6259ab0cf80ecd5a5
baritorayapost.com,AVAILABILITY,origin.list,origin.list,2001-08-30 04:38:18.610496,fcaef3d6259ab0cf80ecd5a5
barometerjatim.com,AVAILABILITY,origin.list,origin.list,2001-08-30 04:38:18.617618,fcaef3d6259ab0cf80ecd5a5
basmilamteng.com,AVAILABILITY,origin.list,origin.list,2001-08-30 04:38:18.624903,fcaef3d6259ab0cf80ecd5a5
batampos.co.id,AVAILABILITY,origin.list,origin.list,2001-08-30 04:38:18.631687,fcaef3d6259ab0cf80ecd5a5
batarapos.com,AVAILABILITY,origin.list,origin.list,2001-08-30 04:38:18.640086,fcaef3d6259ab0cf80ecd5a5
batchkun.com,AVAILABILITY,origin.list,origin.list,2001-08-30 04:38:18.647992,fcaef3d6259ab0cf80ecd5a5
baysexthy.com,AVAILABILITY,origin.list,origin.list,2001-08-30 04:38:18.654831,fcaef3d6259ab0cf80ecd5a5
bayufitri.com,AVAILABILITY,origin.list,origin.list,2001-08-30 04:38:18.662466,fcaef3d6259ab0cf80ecd5a5
bbm88.org,AVAILABILITY,origin.list,origin.list,2001-08-30 04:38:18.669585,fcaef3d6259ab0cf80ecd5a5
bcn4d.com,AVAILABILITY,origin.list,origin.list,2001-08-30 04:38:18.676746,fcaef3d6259ab0cf80ecd5a5
bd36id.com,AVAILABILITY,origin.list,origin.list,2001-08-30 04:38:18.683569,fcaef3d6259ab0cf80ecd5a5
beantowntapfest.com,AVAILABILITY,origin.list,origin.list,2001-08-30 04:38:18.690342,fcaef3d6259ab0cf80ecd5a5
beasiswaindo.com,AVAILABILITY,origin.list,origin.list,2001-08-30 04:38:18.698758,fcaef3d6259ab0cf80ecd5a5
bebasdownloadfilm.com,AVAILABILITY,origin.list,origin.list,2001-08-30 04:38:18.706935,fcaef3d6259ab0cf80ecd5a5
beepdo.com,AVAILABILITY,origin.list,origin.list,2001-08-30 04:38:18.714119,fcaef3d6259ab0cf80ecd5a5
beigeiros.pw,AVAILABILITY,origin.list,origin.list,2001-08-30 04:38:18.721668,fcaef3d6259ab0cf80ecd5a5
belajarmembuatwebsite.com,AVAILABILITY,origin.list,origin.list,2001-08-30 04:38:18.729838,fcaef3d6259ab0cf80ecd5a5
beliangka.net,AVAILABILITY,origin.list,origin.list,2001-08-30 04:38:18.740731,fcaef3d6259ab0cf80ecd5a5
belinfo.my.id,AVAILABILITY,origin.list,origin.list,2001-08-30 04:38:18.748771,fcaef3d6259ab0cf80ecd5a5
bengkuluekspress.com,AVAILABILITY,origin.list,origin.list,2001-08-30 04:38:18.755745,fcaef3d6259ab0cf80ecd5a5
bengkuluinteraktif.com,AVAILABILITY,origin.list,origin.list,2001-08-30 04:38:18.763514,fcaef3d6259ab0cf80ecd5a5
bengkulunews.co.id,AVAILABILITY,origin.list,origin.list,2001-08-30 04:38:18.771209,fcaef3d6259ab0cf80ecd5a5
bengkulutoday.com,AVAILABILITY,origin.list,origin.list,2001-08-30 04:38:18.779721,fcaef3d6259ab0cf80ecd5a5
bengkuluvoice.com,AVAILABILITY,origin.list,origin.list,2001-08-30 04:38:18.786392,fcaef3d6259ab0cf80ecd5a5
bentengsumbar.com,AVAILABILITY,origin.list,origin.list,2001-08-30 04:38:18.793840,fcaef3d6259ab0cf80ecd5a5
benuatoto.me,AVAILABILITY,origin.list,origin.list,2001-08-30 04:38:18.802390,fcaef3d6259ab0cf80ecd5a5
berandanusantara.com,AVAILABILITY,origin.list,origin.list,2001-08-30 04:38:18.809986,fcaef3d6259ab0cf80ecd5a5
berbagiide.com,AVAILABILITY,origin.list,origin.list,2001-08-30 04:38:18.818007,fcaef3d6259ab0cf80ecd5a5
beredukasi.com,AVAILABILITY,origin.list,origin.list,2001-08-30 04:38:18.824919,fcaef3d6259ab0cf80ecd5a5
berita.click,AVAILABILITY,origin.list,origin.list,2001-08-30 04:38:18.832033,fcaef3d6259ab0cf80ecd5a5
berita1bogor.id,AVAILABILITY,origin.list,origin.list,2001-08-30 04:38:18.839988,fcaef3d6259ab0cf80ecd5a5
beritaasatu.com,AVAILABILITY,origin.list,origin.list,2001-08-30 04:38:18.847276,fcaef3d6259ab0cf80ecd5a5
beritabali.com,AVAILABILITY,origin.list,origin.list,2001-08-30 04:38:18.854893,fcaef3d6259ab0cf80ecd5a5
beritabalionline.com,AVAILABILITY,origin.list,origin.list,2001-08-30 04:38:18.863051,fcaef3d6259ab0cf80ecd5a5
beritabanjarmasin.com,AVAILABILITY,origin.list,origin.list,2001-08-30 04:38:18.871502,fcaef3d6259ab0cf80ecd5a5
beritabojonegoro.com,AVAILABILITY,origin.list,origin.list,2001-08-30 04:38:18.879758,fcaef3d6259ab0cf80ecd5a5
beritadaerah.co.id,AVAILABILITY,origin.list,origin.list,2001-08-30 04:38:18.887314,fcaef3d6259ab0cf80ecd5a5
beritajakarta.id,AVAILABILITY,origin.list,origin.list,2001-08-30 04:38:18.895762,fcaef3d6259ab0cf80ecd5a5
beritajateng.net,AVAILABILITY,origin.list,origin.list,2001-08-30 04:38:18.904645,fcaef3d6259ab0cf80ecd5a5
beritajatim.com,AVAILABILITY,origin.list,origin.list,2001-08-30 04:38:18.913386,fcaef3d6259ab0cf80ecd5a5
beritajempol.co.id,AVAILABILITY,origin.list,origin.list,2001-08-30 04:38:18.921839,fcaef3d6259ab0cf80ecd5a5
beritakaltim.co,AVAILABILITY,origin.list,origin.list,2001-08-30 04:38:18.930797,fcaef3d6259ab0cf80ecd5a5
beritakarya.co.id,AVAILABILITY,origin.list,origin.list,2001-08-30 04:38:18.938025,fcaef3d6259ab0cf80ecd5a5
beritakini.co,AVAILABILITY,origin.list,origin.list,2001-08-30 04:38:18.946403,fcaef3d6259ab0cf80ecd5a5
beritakita.co.id,AVAILABILITY,origin.list,origin.list,2001-08-30 04:38:18.956796,fcaef3d6259ab0cf80ecd5a5
beritalutim.com,AVAILABILITY,origin.list,origin.list,2001-08-30 04:38:18.968594,fcaef3d6259ab0cf80ecd5a5
beritamaros.com,AVAILABILITY,origin.list,origin.list,2001-08-30 04:38:18.977325,fcaef3d6259ab0cf80ecd5a5
beritamerdekaonline.com,AVAILABILITY,origin.list,origin.list,2001-08-30 04:38:18.986558,fcaef3d6259ab0cf80ecd5a5
beritaminang.com,AVAILABILITY,origin.list,origin.list,2001-08-30 04:38:18.995925,fcaef3d6259ab0cf80ecd5a5
beritamorut.com,AVAILABILITY,origin.list,origin.list,2001-08-30 04:38:19.005055,fcaef3d6259ab0cf80ecd5a5
beritamuslimpress.blogspot.com,AVAILABILITY,origin.list,origin.list,2001-08-30 04:38:19.014140,fcaef3d6259ab0cf80ecd5a5
beritapagi.co.id,AVAILABILITY,origin.list,origin.list,2001-08-30 04:38:19.022943,fcaef3d6259ab0cf80ecd5a5
beritapenajam.net,AVAILABILITY,origin.list,origin.list,2001-08-30 04:38:19.032736,fcaef3d6259ab0cf80ecd5a5
beritaplano.com,AVAILABILITY,origin.list,origin.list,2001-08-30 04:38:19.041540,fcaef3d6259ab0cf80ecd5a5
beritasampit.co.id,AVAILABILITY,origin.list,origin.list,2001-08-30 04:38:19.053608,fcaef3d6259ab0cf80ecd5a5
beritasatu.com,AVAILABILITY,origin.list,origin.list,2001-08-30 04:38:19.066479,fcaef3d6259ab0cf80ecd5a5
beritasulteng.com,AVAILABILITY,origin.list,origin.list,2001-08-30 04:38:19.078938,fcaef3d6259ab0cf80ecd5a5
beritasulut.co.id,AVAILABILITY,origin.list,origin.list,2001-08-30 04:38:19.091377,fcaef3d6259ab0cf80ecd5a5
beritatangsel.com,AVAILABILITY,origin.list,origin.list,2001-08-30 04:38:19.100627,fcaef3d6259ab0cf80ecd5a5
beritaterbit.com,AVAILABILITY,origin.list,origin.list,2001-08-30 04:38:19.110230,fcaef3d6259ab0cf80ecd5a5
beritatotabuan.com,AVAILABILITY,origin.list,origin.list,2001-08-30 04:38:19.119414,fcaef3d6259ab0cf80ecd5a5
berkas.cloud,AVAILABILITY,origin.list,origin.list,2001-08-30 04:38:19.128999,fcaef3d6259ab0cf80ecd5a5
betflix.id,AVAILABILITY,origin.list,origin.list,2001-08-30 04:38:19.139568,fcaef3d6259ab0cf80ecd5a5
biggreenweek.com,AVAILABILITY,origin.list,origin.list,2001-08-30 04:38:19.156683,fcaef3d6259ab0cf80ecd5a5
bimdzgn.com,AVAILABILITY,origin.list,origin.list,2001-08-30 04:38:19.166350,fcaef3d6259ab0cf80ecd5a5
bingkairiau.com,AVAILABILITY,origin.list,origin.list,2001-08-30 04:38:19.175362,fcaef3d6259ab0cf80ecd5a5
binpartner.com,AVAILABILITY,origin.list,origin.list,2001-08-30 04:38:19.184449,fcaef3d6259ab0cf80ecd5a5
bioskop-21.me,AVAILABILITY,origin.list,origin.list,2001-08-30 04:38:19.193502,fcaef3d6259ab0cf80ecd5a5
bioskop.red,AVAILABILITY,origin.list,origin.list,2001-08-30 04:38:19.202595,fcaef3d6259ab0cf80ecd5a5
bioskop212.com,AVAILABILITY,origin.list,origin.list,2001-08-30 04:38:19.211621,fcaef3d6259ab0cf80ecd5a5
bioskop47.net,AVAILABILITY,origin.list,origin.list,2001-08-30 04:38:19.220990,fcaef3d6259ab0cf80ecd5a5
bioskopkere.com,AVAILABILITY,origin.list,origin.list,2001-08-30 04:38:19.230252,fcaef3d6259ab0cf80ecd5a5
bioskopkeren.click,AVAILABILITY,origin.list,origin.list,2001-08-30 04:38:19.237927,fcaef3d6259ab0cf80ecd5a5
bioskoplk21.club,AVAILABILITY,origin.list,origin.list,2001-08-30 04:38:19.246642,fcaef3d6259ab0cf80ecd5a5
bisablog.com,AVAILABILITY,origin.list,origin.list,2001-08-30 04:38:19.254721,fcaef3d6259ab0cf80ecd5a5
bisakaya.co,AVAILABILITY,origin.list,origin.list,2001-08-30 04:38:19.263950,fcaef3d6259ab0cf80ecd5a5
bisakaya.org,AVAILABILITY,origin.list,origin.list,2001-08-30 04:38:19.271814,fcaef3d6259ab0cf80ecd5a5
bisnis.com,AVAILABILITY,origin.list,origin.list,2001-08-30 04:38:19.280087,fcaef3d6259ab0cf80ecd5a5
bisnissulawesi.com,AVAILABILITY,origin.list,origin.list,2001-08-30 04:38:19.288237,fcaef3d6259ab0cf80ecd5a5
bitcoin.co.id,AVAILABILITY,origin.list,origin.list,2001-08-30 04:38:19.296035,fcaef3d6259ab0cf80ecd5a5
blackavelic.com,AVAILABILITY,origin.list,origin.list,2001-08-30 04:38:19.305792,fcaef3d6259ab0cf80ecd5a5
blockchainmedia.id,AVAILABILITY,origin.list,origin.list,2001-08-30 04:38:19.315550,fcaef3d6259ab0cf80ecd5a5
blog-dnz.com,AVAILABILITY,origin.list,origin.list,2001-08-30 04:38:19.324764,fcaef3d6259ab0cf80ecd5a5
blogdokter.net,AVAILABILITY,origin.list,origin.list,2001-08-30 04:38:19.334321,fcaef3d6259ab0cf80ecd5a5
bloging-gampang.blogspot.com,AVAILABILITY,origin.list,origin.list,2001-08-30 04:38:19.343323,fcaef3d6259ab0cf80ecd5a5
blogsecond.com,AVAILABILITY,origin.list,origin.list,2001-08-30 04:38:19.353757,fcaef3d6259ab0cf80ecd5a5
blokbojonegoro.com,AVAILABILITY,origin.list,origin.list,2001-08-30 04:38:19.363780,fcaef3d6259ab0cf80ecd5a5
bluecreative.co.id,AVAILABILITY,origin.list,origin.list,2001-08-30 04:38:19.373839,fcaef3d6259ab0cf80ecd5a5
bmspeed7.com,AVAILABILITY,origin.list,origin.list,2001-08-30 04:38:19.382476,fcaef3d6259ab0cf80ecd5a5
bobo.grid.id,AVAILABILITY,origin.list,origin.list,2001-08-30 04:38:19.391632,fcaef3d6259ab0cf80ecd5a5
bogopapua.net,AVAILABILITY,origin.list,origin.list,2001-08-30 04:38:19.400563,fcaef3d6259ab0cf80ecd5a5
bogorbagus.com,AVAILABILITY,origin.list,origin.list,2001-08-30 04:38:19.409463,fcaef3d6259ab0cf80ecd5a5
bogorchannel.id,AVAILABILITY,origin.list,origin.list,2001-08-30 04:38:19.418850,fcaef3d6259ab0cf80ecd5a5
bogorin.com,AVAILABILITY,origin.list,origin.list,2001-08-30 04:38:19.427396,fcaef3d6259ab0cf80ecd5a5
bogornetwork.com,AVAILABILITY,origin.list,origin.list,2001-08-30 04:38:19.436047,fcaef3d6259ab0cf80ecd5a5
bogornews.com,AVAILABILITY,origin.list,origin.list,2001-08-30 04:38:19.445524,fcaef3d6259ab0cf80ecd5a5
bogoronline.com,AVAILABILITY,origin.list,origin.list,2001-08-30 04:38:19.455988,fcaef3d6259ab0cf80ecd5a5
bogorupdate.com,AVAILABILITY,origin.list,origin.list,2001-08-30 04:38:19.469202,fcaef3d6259ab0cf80ecd5a5
bokep.host,AVAILABILITY,origin.list,origin.list,2001-08-30 04:38:19.478850,fcaef3d6259ab0cf80ecd5a5
bokep8.icu,AVAILABILITY,origin.list,origin.list,2001-08-30 04:38:19.488479,fcaef3d6259ab0cf80ecd5a5
bola.com,AVAILABILITY,origin.list,origin.list,2001-08-30 04:38:19.497854,fcaef3d6259ab0cf80ecd5a5
bola.net,AVAILABILITY,origin.list,origin.list,2001-08-30 04:38:19.508261,fcaef3d6259ab0cf80ecd5a5
bola9898.com,AVAILABILITY,origin.list,origin.list,2001-08-30 04:38:19.518734,fcaef3d6259ab0cf80ecd5a5
bolaa3m.com,AVAILABILITY,origin.list,origin.list,2001-08-30 04:38:19.528555,fcaef3d6259ab0cf80ecd5a5
bolahappy88.net,AVAILABILITY,origin.list,origin.list,2001-08-30 04:38:19.541768,fcaef3d6259ab0cf80ecd5a5
bolasport.com,AVAILABILITY,origin.list,origin.list,2001-08-30 04:38:19.551454,fcaef3d6259ab0cf80ecd5a5
bolatimes.com,AVAILABILITY,origin.list,origin.list,2001-08-30 04:38:19.560830,fcaef3d6259ab0cf80ecd5a5
bolmongraya.co,AVAILABILITY,origin.list,origin.list,2001-08-30 04:38:19.570398,fcaef3d6259ab0cf80ecd5a5
boombastis.com,AVAILABILITY,origin.list,origin.list,2001-08-30 04:38:19.580267,fcaef3d6259ab0cf80ecd5a5
borneonews.co.id,AVAILABILITY,origin.list,origin.list,2001-08-30 04:38:19.591636,fcaef3d6259ab0cf80ecd5a5
borukaro.com,AVAILABILITY,origin.list,origin.list,2001-08-30 04:38:19.601543,fcaef3d6259ab0cf80ecd5a5
bos21.bar,AVAILABILITY,origin.list,origin.list,2001-08-30 04:38:19.610846,fcaef3d6259ab0cf80ecd5a5
bosqq.online,AVAILABILITY,origin.list,origin.list,2001-08-30 04:38:19.620693,fcaef3d6259ab0cf80ecd5a5
boss-ant.blogspot.com,AVAILABILITY,origin.list,origin.list,2001-08-30 04:38:19.630854,fcaef3d6259ab0cf80ecd5a5
brainly.co.id,AVAILABILITY,origin.list,origin.list,2001-08-30 04:38:19.640831,fcaef3d6259ab0cf80ecd5a5
brand.ad,AVAILABILITY,origin.list,origin.list,2001-08-30 04:38:19.651100,fcaef3d6259ab0cf80ecd5a5
brantasnews.co.id,AVAILABILITY,origin.list,origin.list,2001-08-30 04:38:19.660502,fcaef3d6259ab0cf80ecd5a5
brilio.net,AVAILABILITY,origin.list,origin.list,2001-08-30 04:38:19.670358,fcaef3d6259ab0cf80ecd5a5
brindonews.com,AVAILABILITY,origin.list,origin.list,2001-08-30 04:38:19.679687,fcaef3d6259ab0cf80ecd5a5
brotutor.net,AVAILABILITY,origin.list,origin.list,2001-08-30 04:38:19.689336,fcaef3d6259ab0cf80ecd5a5
browsertelemetry.tk,AVAILABILITY,origin.list,origin.list,2001-08-30 04:38:19.697869,fcaef3d6259ab0cf80ecd5a5
budiarto.id,AVAILABILITY,origin.list,origin.list,2001-08-30 04:38:19.708751,fcaef3d6259ab0cf80ecd5a5
bukalapak.com,AVAILABILITY,origin.list,origin.list,2001-08-30 04:38:19.722223,fcaef3d6259ab0cf80ecd5a5
bulletinjournalist.com,AVAILABILITY,origin.list,origin.list,2001-08-30 04:38:19.732345,fcaef3d6259ab0cf80ecd5a5
bunaken.co.id,AVAILABILITY,origin.list,origin.list,2001-08-30 04:38:19.742364,fcaef3d6259ab0cf80ecd5a5
bungfrangki.com,AVAILABILITY,origin.list,origin.list,2001-08-30 04:38:19.758226,fcaef3d6259ab0cf80ecd5a5
c.lazada.co.id,AVAILABILITY,origin.list,origin.list,2001-08-30 04:38:19.768332,fcaef3d6259ab0cf80ecd5a5
cahayasiang.com,AVAILABILITY,origin.list,origin.list,2001-08-30 04:38:19.778674,fcaef3d6259ab0cf80ecd5a5
cakrawalajabar.com,AVAILABILITY,origin.list,origin.list,2001-08-30 04:38:19.788993,fcaef3d6259ab0cf80ecd5a5
caramenangtaruhanbola.com,AVAILABILITY,origin.list,origin.list,2001-08-30 04:38:19.799631,fcaef3d6259ab0cf80ecd5a5
carapedia.com,AVAILABILITY,origin.list,origin.list,2001-08-30 04:38:19.809874,fcaef3d6259ab0cf80ecd5a5
cararoot.id,AVAILABILITY,origin.list,origin.list,2001-08-30 04:38:19.823047,fcaef3d6259ab0cf80ecd5a5
caribanner.bid,AVAILABILITY,origin.list,origin.list,2001-08-30 04:38:19.833336,fcaef3d6259ab0cf80ecd5a5
cartalog.id,AVAILABILITY,origin.list,origin.list,2001-08-30 04:38:19.842967,fcaef3d6259ab0cf80ecd5a5
casafelink2.blogspot.com,AVAILABILITY,origin.list,origin.list,2001-08-30 04:38:19.854655,fcaef3d6259ab0cf80ecd5a5
catwenbat.com,AVAILABILITY,origin.list,origin.list,2001-08-30 04:38:19.865046,fcaef3d6259ab0cf80ecd5a5
cbogaming.com,AVAILABILITY,origin.list,origin.list,2001-08-30 04:38:19.876067,fcaef3d6259ab0cf80ecd5a5
cdnasiaclub.com,AVAILABILITY,origin.list,origin.list,2001-08-30 04:38:19.885362,fcaef3d6259ab0cf80ecd5a5
cendananews.com,AVAILABILITY,origin.list,origin.list,2001-08-30 04:38:19.895653,fcaef3d6259ab0cf80ecd5a5
centerklik.com,AVAILABILITY,origin.list,origin.list,2001-08-30 04:38:19.905523,fcaef3d6259ab0cf80ecd5a5
ceposonline.com,AVAILABILITY,origin.list,origin.list,2001-08-30 04:38:19.915544,fcaef3d6259ab0cf80ecd5a5
cermati.com,AVAILABILITY,origin.list,origin.list,2001-08-30 04:38:19.925837,fcaef3d6259ab0cf80ecd5a5
cerpen.co.id,AVAILABILITY,origin.list,origin.list,2001-08-30 04:38:19.936294,fcaef3d6259ab0cf80ecd5a5
cetedaninghining.pro,AVAILABILITY,origin.list,origin.list,2001-08-30 04:38:19.946155,fcaef3d6259ab0cf80ecd5a5
cewekbanget.grid.id,AVAILABILITY,origin.list,origin.list,2001-08-30 04:38:19.956809,fcaef3d6259ab0cf80ecd5a5
cgv.id,AVAILABILITY,origin.list,origin.list,2001-08-30 04:38:19.966541,fcaef3d6259ab0cf80ecd5a5
cgvindo.vip,AVAILABILITY,origin.list,origin.list,2001-08-30 04:38:19.977405,fcaef3d6259ab0cf80ecd5a5
chiarafarina.blogspot.com,AVAILABILITY,origin.list,origin.list,2001-08-30 04:38:19.987431,fcaef3d6259ab0cf80ecd5a5
cianjurekspres.net,AVAILABILITY,origin.list,origin.list,2001-08-30 04:38:19.997304,fcaef3d6259ab0cf80ecd5a5
cibaibin.com,AVAILABILITY,origin.list,origin.list,2001-08-30 04:38:20.007607,fcaef3d6259ab0cf80ecd5a5
cikimm.com,AVAILABILITY,origin.list,origin.list,2001-08-30 04:38:20.018644,fcaef3d6259ab0cf80ecd5a5
cinemaday.org,AVAILABILITY,origin.list,origin.list,2001-08-30 04:38:20.030086,fcaef3d6259ab0cf80ecd5a5
cinemags.co.id,AVAILABILITY,origin.list,origin.list,2001-08-30 04:38:20.040286,fcaef3d6259ab0cf80ecd5a5
cinemaindo.co.in,AVAILABILITY,origin.list,origin.list,2001-08-30 04:38:20.049583,fcaef3d6259ab0cf80ecd5a5
cinemaindo.watch,AVAILABILITY,origin.list,origin.list,2001-08-30 04:38:20.060105,fcaef3d6259ab0cf80ecd5a5
cintamuda.com,AVAILABILITY,origin.list,origin.list,2001-08-30 04:38:20.070369,fcaef3d6259ab0cf80ecd5a5
ciriseo.net,AVAILABILITY,origin.list,origin.list,2001-08-30 04:38:20.080171,fcaef3d6259ab0cf80ecd5a5
citranewsindonesia.com,AVAILABILITY,origin.list,origin.list,2001-08-30 04:38:20.090253,fcaef3d6259ab0cf80ecd5a5
citrust.id,AVAILABILITY,origin.list,origin.list,2001-08-30 04:38:20.100943,fcaef3d6259ab0cf80ecd5a5
cl1k.com,AVAILABILITY,origin.list,origin.list,2001-08-30 04:38:20.110903,fcaef3d6259ab0cf80ecd5a5
clampschoolholic.com,AVAILABILITY,origin.list,origin.list,2001-08-30 04:38:20.121130,fcaef3d6259ab0cf80ecd5a5
clickmedia.co.id,AVAILABILITY,origin.list,origin.list,2001-08-30 04:38:20.129858,fcaef3d6259ab0cf80ecd5a5
client.okezone.com,AVAILABILITY,origin.list,origin.list,2001-08-30 04:38:20.138848,fcaef3d6259ab0cf80ecd5a5
closetopic.site,AVAILABILITY,origin.list,origin.list,2001-08-30 04:38:20.148222,fcaef3d6259ab0cf80ecd5a5
cloudfilm.co,AVAILABILITY,origin.list,origin.list,2001-08-30 04:38:20.158197,fcaef3d6259ab0cf80ecd5a5
cloudmediabiz.com,AVAILABILITY,origin.list,origin.list,2001-08-30 04:38:20.167029,fcaef3d6259ab0cf80ecd5a5
cmcpoker.info,AVAILABILITY,origin.list,origin.list,2001-08-30 04:38:20.176753,fcaef3d6259ab0cf80ecd5a5
cnbcindonesia.com,AVAILABILITY,origin.list,origin.list,2001-08-30 04:38:20.186114,fcaef3d6259ab0cf80ecd5a5
cnnbanten.id,AVAILABILITY,origin.list,origin.list,2001-08-30 04:38:20.195370,fcaef3d6259ab0cf80ecd5a5
cnnindonesia.com,AVAILABILITY,origin.list,origin.list,2001-08-30 04:38:20.204857,fcaef3d6259ab0cf80ecd5a5
cnnxxi.com,AVAILABILITY,origin.list,origin.list,2001-08-30 04:38:20.214909,fcaef3d6259ab0cf80ecd5a5
cnnxxi21.com,AVAILABILITY,origin.list,origin.list,2001-08-30 04:38:20.224705,fcaef3d6259ab0cf80ecd5a5
coba.dev,AVAILABILITY,origin.list,origin.list,2001-08-30 04:38:20.234536,fcaef3d6259ab0cf80ecd5a5
coinvestasi.com,AVAILABILITY,origin.list,origin.list,2001-08-30 04:38:20.244855,fcaef3d6259ab0cf80ecd5a5
conan.id,AVAILABILITY,origin.list,origin.list,2001-08-30 04:38:20.253517,fcaef3d6259ab0cf80ecd5a5
copydev.com,AVAILABILITY,origin.list,origin.list,2001-08-30 04:38:20.262397,fcaef3d6259ab0cf80ecd5a5
corongrakyat.co.id,AVAILABILITY,origin.list,origin.list,2001-08-30 04:38:20.274787,fcaef3d6259ab0cf80ecd5a5
cosmogirl.co.id,AVAILABILITY,origin.list,origin.list,2001-08-30 04:38:20.284443,fcaef3d6259ab0cf80ecd5a5
couptoug.net,AVAILABILITY,origin.list,origin.list,2001-08-30 04:38:20.294141,fcaef3d6259ab0cf80ecd5a5
cpnsonline.com,AVAILABILITY,origin.list,origin.list,2001-08-30 04:38:20.307340,fcaef3d6259ab0cf80ecd5a5
craydark.pw,AVAILABILITY,origin.list,origin.list,2001-08-30 04:38:20.317679,fcaef3d6259ab0cf80ecd5a5
cryaptall.club,AVAILABILITY,origin.list,origin.list,2001-08-30 04:38:20.328860,fcaef3d6259ab0cf80ecd5a5
cryptobrowser.site,AVAILABILITY,origin.list,origin.list,2001-08-30 04:38:20.338821,fcaef3d6259ab0cf80ecd5a5
cuitandokter.com,AVAILABILITY,origin.list,origin.list,2001-08-30 04:38:20.348061,fcaef3d6259ab0cf80ecd5a5
cumirproduction.blogspot.com,AVAILABILITY,origin.list,origin.list,2001-08-30 04:38:20.358571,fcaef3d6259ab0cf80ecd5a5
cut.my.id,AVAILABILITY,origin.list,origin.list,2001-08-30 04:38:20.368582,fcaef3d6259ab0cf80ecd5a5
cyberlampung.com,AVAILABILITY,origin.list,origin.list,2001-08-30 04:38:20.377673,fcaef3d6259ab0cf80ecd5a5
d01.notifa.info,AVAILABILITY,origin.list,origin.list,2001-08-30 04:38:20.386670,fcaef3d6259ab0cf80ecd5a5
d138am4hd4ke4y.cloudfront.net,AVAILABILITY,origin.list,origin.list,2001-08-30 04:38:20.396629,fcaef3d6259ab0cf80ecd5a5
d21.top,AVAILABILITY,origin.list,origin.list,2001-08-30 04:38:20.405399,fcaef3d6259ab0cf80ecd5a5
d24afgsm39csxt.cloudfront.net,AVAILABILITY,origin.list,origin.list,2001-08-30 04:38:20.415728,fcaef3d6259ab0cf80ecd5a5
d27x580xb9ao1l.cloudfront.net,AVAILABILITY,origin.list,origin.list,2001-08-30 04:38:20.426707,fcaef3d6259ab0cf80ecd5a5
d2glav2919q4cw.cloudfront.net,AVAILABILITY,origin.list,origin.list,2001-08-30 04:38:20.436438,fcaef3d6259ab0cf80ecd5a5
d2t67iukq9ieyq.cloudfront.net,AVAILABILITY,origin.list,origin.list,2001-08-30 04:38:20.445670,fcaef3d6259ab0cf80ecd5a5
d2wpknqle9nuv8.cloudfront.net,AVAILABILITY,origin.list,origin.list,2001-08-30 04:38:20.454772,fcaef3d6259ab0cf80ecd5a5
d3oep4gb91kpuv.cloudfront.net,AVAILABILITY,origin.list,origin.list,2001-08-30 04:38:20.464414,fcaef3d6259ab0cf80ecd5a5
dadhuhram.com,AVAILABILITY,origin.list,origin.list,2001-08-30 04:38:20.473295,fcaef3d6259ab0cf80ecd5a5
dafideff.com,AVAILABILITY,origin.list,origin.list,2001-08-30 04:38:20.486899,fcaef3d6259ab0cf80ecd5a5
daftarhewan.com,AVAILABILITY,origin.list,origin.list,2001-08-30 04:38:20.497806,fcaef3d6259ab0cf80ecd5a5
daftaritubola.com,AVAILABILITY,origin.list,origin.list,2001-08-30 04:38:20.508622,fcaef3d6259ab0cf80ecd5a5
daftarsb1m.net,AVAILABILITY,origin.list,origin.list,2001-08-30 04:38:20.519763,fcaef3d6259ab0cf80ecd5a5
dailypost.id,AVAILABILITY,origin.list,origin.list,2001-08-30 04:38:20.530507,fcaef3d6259ab0cf80ecd5a5
dailysocial.id,AVAILABILITY,origin.list,origin.list,2001-08-30 04:38:20.542305,fcaef3d6259ab0cf80ecd5a5
daizurin.com,AVAILABILITY,origin.list,origin.list,2001-08-30 04:38:20.553644,fcaef3d6259ab0cf80ecd5a5
danirachmat.com,AVAILABILITY,origin.list,origin.list,2001-08-30 04:38:20.564638,fcaef3d6259ab0cf80ecd5a5
darhostmedia.com,AVAILABILITY,origin.list,origin.list,2001-08-30 04:38:20.574382,fcaef3d6259ab0cf80ecd5a5
darts-ads.telkom.co.id,AVAILABILITY,origin.list,origin.list,2001-08-30 04:38:20.586114,fcaef3d6259ab0cf80ecd5a5
data-sgp.net,AVAILABILITY,origin.list,origin.list,2001-08-30 04:38:20.597548,fcaef3d6259ab0cf80ecd5a5
datadikdasmen.com,AVAILABILITY,origin.list,origin.list,2001-08-30 04:38:20.610174,fcaef3d6259ab0cf80ecd5a5
datakeluar.net,AVAILABILITY,origin.list,origin.list,2001-08-30 04:38:20.622061,fcaef3d6259ab0cf80ecd5a5
datamaya.com,AVAILABILITY,origin.list,origin.list,2001-08-30 04:38:20.632339,fcaef3d6259ab0cf80ecd5a5
datuksakti.blogspot.com,AVAILABILITY,origin.list,origin.list,2001-08-30 04:38:20.642474,fcaef3d6259ab0cf80ecd5a5
dayaknews.com,AVAILABILITY,origin.list,origin.list,2001-08-30 04:38:20.654727,fcaef3d6259ab0cf80ecd5a5
debgameku.com,AVAILABILITY,origin.list,origin.list,2001-08-30 04:38:20.666694,fcaef3d6259ab0cf80ecd5a5
degens.com,AVAILABILITY,origin.list,origin.list,2001-08-30 04:38:20.677911,fcaef3d6259ab0cf80ecd5a5
dekadepos.com,AVAILABILITY,origin.list,origin.list,2001-08-30 04:38:20.690607,fcaef3d6259ab0cf80ecd5a5
delegasi.com,AVAILABILITY,origin.list,origin.list,2001-08-30 04:38:20.701994,fcaef3d6259ab0cf80ecd5a5
deligrassdull.com,AVAILABILITY,origin.list,origin.list,2001-08-30 04:38:20.712791,fcaef3d6259ab0cf80ecd5a5
deltakepri.co.id,AVAILABILITY,origin.list,origin.list,2001-08-30 04:38:20.722841,fcaef3d6259ab0cf80ecd5a5
derapfakta.com,AVAILABILITY,origin.list,origin.list,2001-08-30 04:38:20.733155,fcaef3d6259ab0cf80ecd5a5
desainstudio.com,AVAILABILITY,origin.list,origin.list,2001-08-30 04:38:20.744895,fcaef3d6259ab0cf80ecd5a5
detak.co,AVAILABILITY,origin.list,origin.list,2001-08-30 04:38:20.755895,fcaef3d6259ab0cf80ecd5a5
detakbanten.com,AVAILABILITY,origin.list,origin.list,2001-08-30 04:38:20.766179,fcaef3d6259ab0cf80ecd5a5
detaksatu.com,AVAILABILITY,origin.list,origin.list,2001-08-30 04:38:20.777417,fcaef3d6259ab0cf80ecd5a5
detik.com,AVAILABILITY,origin.list,origin.list,2001-08-30 04:38:20.787511,fcaef3d6259ab0cf80ecd5a5
detikglobalnews.com,AVAILABILITY,origin.list,origin.list,2001-08-30 04:38:20.797328,fcaef3d6259ab0cf80ecd5a5
detiknews.id,AVAILABILITY,origin.list,origin.list,2001-08-30 04:38:20.807644,fcaef3d6259ab0cf80ecd5a5
detikntb.com,AVAILABILITY,origin.list,origin.list,2001-08-30 04:38:20.817107,fcaef3d6259ab0cf80ecd5a5
detiksumsel.com,AVAILABILITY,origin.list,origin.list,2001-08-30 04:38:20.827358,fcaef3d6259ab0cf80ecd5a5
detikxxi.com,AVAILABILITY,origin.list,origin.list,2001-08-30 04:38:20.837216,fcaef3d6259ab0cf80ecd5a5
detotabuan.com,AVAILABILITY,origin.list,origin.list,2001-08-30 04:38:20.846956,fcaef3d6259ab0cf80ecd5a5
dewabiz.com,AVAILABILITY,origin.list,origin.list,2001-08-30 04:38:20.856769,fcaef3d6259ab0cf80ecd5a5
dewainside.blogspot.com,AVAILABILITY,origin.list,origin.list,2001-08-30 04:38:20.867041,fcaef3d6259ab0cf80ecd5a5
dewaplokis.com,AVAILABILITY,origin.list,origin.list,2001-08-30 04:38:20.883891,fcaef3d6259ab0cf80ecd5a5
dewatagames.com,AVAILABILITY,origin.list,origin.list,2001-08-30 04:38:20.895067,fcaef3d6259ab0cf80ecd5a5
dewiku.com,AVAILABILITY,origin.list,origin.list,2001-08-30 04:38:20.906962,fcaef3d6259ab0cf80ecd5a5
dezige-in.blogspot.com,AVAILABILITY,origin.list,origin.list,2001-08-30 04:38:20.916645,fcaef3d6259ab0cf80ecd5a5
dgw7ae5vrovs7.cloudfront.net,AVAILABILITY,origin.list,origin.list,2001-08-30 04:38:20.926851,fcaef3d6259ab0cf80ecd5a5
dhadigital.com,AVAILABILITY,origin.list,origin.list,2001-08-30 04:38:20.938133,fcaef3d6259ab0cf80ecd5a5
dialeksis.com,AVAILABILITY,origin.list,origin.list,2001-08-30 04:38:20.947873,fcaef3d6259ab0cf80ecd5a5
diaridona.com,AVAILABILITY,origin.list,origin.list,2001-08-30 04:38:20.958478,fcaef3d6259ab0cf80ecd5a5
dibalikseo.com,AVAILABILITY,origin.list,origin.list,2001-08-30 04:38:20.969342,fcaef3d6259ab0cf80ecd5a5
dibuka.net,AVAILABILITY,origin.list,origin.list,2001-08-30 04:38:20.980852,fcaef3d6259ab0cf80ecd5a5
didrakorindo.com,AVAILABILITY,origin.list,origin.list,2001-08-30 04:38:20.992722,fcaef3d6259ab0cf80ecd5a5
digiads.co.id,AVAILABILITY,origin.list,origin.list,2001-08-30 04:38:21.002678,fcaef3d6259ab0cf80ecd5a5
digitalnews.co.id,AVAILABILITY,origin.list,origin.list,2001-08-30 04:38:21.017251,fcaef3d6259ab0cf80ecd5a5
digtara.com,AVAILABILITY,origin.list,origin.list,2001-08-30 04:38:21.028679,fcaef3d6259ab0cf80ecd5a5
dijaminmurah.com,AVAILABILITY,origin.list,origin.list,2001-08-30 04:38:21.040413,fcaef3d6259ab0cf80ecd5a5
disingkat.in,AVAILABILITY,origin.list,origin.list,2001-08-30 04:38:21.054596,fcaef3d6259ab0cf80ecd5a5
diskon.com,AVAILABILITY,origin.list,origin.list,2001-08-30 04:38:21.068997,fcaef3d6259ab0cf80ecd5a5
ditonton.biz,AVAILABILITY,origin.list,origin.list,2001-08-30 04:38:21.081385,fcaef3d6259ab0cf80ecd5a5
ditonton.com,AVAILABILITY,origin.list,origin.list,2001-08-30 04:38:21.093709,fcaef3d6259ab0cf80ecd5a5
ditonton.net,AVAILABILITY,origin.list,origin.list,2001-08-30 04:38:21.105672,fcaef3d6259ab0cf80ecd5a5
djoker.online,AVAILABILITY,origin.list,origin.list,2001-08-30 04:38:21.117381,fcaef3d6259ab0cf80ecd5a5
djournalist.com,AVAILABILITY,origin.list,origin.list,2001-08-30 04:38:21.128907,fcaef3d6259ab0cf80ecd5a5
dl.helow.id,AVAILABILITY,origin.list,origin.list,2001-08-30 04:38:21.140114,fcaef3d6259ab0cf80ecd5a5
doathair.com,AVAILABILITY,origin.list,origin.list,2001-08-30 04:38:21.150255,fcaef3d6259ab0cf80ecd5a5
doktersehat.com,AVAILABILITY,origin.list,origin.list,2001-08-30 04:38:21.160416,fcaef3d6259ab0cf80ecd5a5
domainesia-assets.s3.amazonaws.com,AVAILABILITY,origin.list,origin.list,2001-08-30 04:38:21.171404,fcaef3d6259ab0cf80ecd5a5
domigado.com,AVAILABILITY,origin.list,origin.list,2001-08-30 04:38:21.181129,fcaef3d6259ab0cf80ecd5a5
doramaflix.com,AVAILABILITY,origin.list,origin.list,2001-08-30 04:38:21.191750,fcaef3d6259ab0cf80ecd5a5
dosenonline.id,AVAILABILITY,origin.list,origin.list,2001-08-30 04:38:21.202321,fcaef3d6259ab0cf80ecd5a5
download.id,AVAILABILITY,origin.list,origin.list,2001-08-30 04:38:21.213908,fcaef3d6259ab0cf80ecd5a5
downloadbatch.net,AVAILABILITY,origin.list,origin.list,2001-08-30 04:38:21.225189,fcaef3d6259ab0cf80ecd5a5
doxadigital.com,AVAILABILITY,origin.list,origin.list,2001-08-30 04:38:21.238391,fcaef3d6259ab0cf80ecd5a5
dr-farfar.net,AVAILABILITY,origin.list,origin.list,2001-08-30 04:38:21.249982,fcaef3d6259ab0cf80ecd5a5
drakorcute.com,AVAILABILITY,origin.list,origin.list,2001-08-30 04:38:21.260404,fcaef3d6259ab0cf80ecd5a5
drakorfans.com,AVAILABILITY,origin.list,origin.list,2001-08-30 04:38:21.270449,fcaef3d6259ab0cf80ecd5a5
drakoric.com,AVAILABILITY,origin.list,origin.list,2001-08-30 04:38:21.281262,fcaef3d6259ab0cf80ecd5a5
drakorindo.bid,AVAILABILITY,origin.list,origin.list,2001-08-30 04:38:21.292849,fcaef3d6259ab0cf80ecd5a5
drakorindo.life,AVAILABILITY,origin.list,origin.list,2001-08-30 04:38:21.304583,fcaef3d6259ab0cf80ecd5a5
drakorindofilms.fun,AVAILABILITY,origin.list,origin.list,2001-08-30 04:38:21.314759,fcaef3d6259ab0cf80ecd5a5
drakorku.my.id,AVAILABILITY,origin.list,origin.list,2001-08-30 04:38:21.325772,fcaef3d6259ab0cf80ecd5a5
dramabarat.com,AVAILABILITY,origin.list,origin.list,2001-08-30 04:38:21.339887,fcaef3d6259ab0cf80ecd5a5
dramaencode.co,AVAILABILITY,origin.list,origin.list,2001-08-30 04:38:21.350793,fcaef3d6259ab0cf80ecd5a5
dramaencode.com,AVAILABILITY,origin.list,origin.list,2001-08-30 04:38:21.361016,fcaef3d6259ab0cf80ecd5a5
dramafilm21.com,AVAILABILITY,origin.list,origin.list,2001-08-30 04:38:21.371838,fcaef3d6259ab0cf80ecd5a5
dramazon.id,AVAILABILITY,origin.list,origin.list,2001-08-30 04:38:21.384921,fcaef3d6259ab0cf80ecd5a5
drda5yf9kgz5p.cloudfront.net,AVAILABILITY,origin.list,origin.list,2001-08-30 04:38:21.394717,fcaef3d6259ab0cf80ecd5a5
dream.co.id,AVAILABILITY,origin.list,origin.list,2001-08-30 04:38:21.404962,fcaef3d6259ab0cf80ecd5a5
drivenhype.com,AVAILABILITY,origin.list,origin.list,2001-08-30 04:38:21.419014,fcaef3d6259ab0cf80ecd5a5
driverays.com,AVAILABILITY,origin.list,origin.list,2001-08-30 04:38:21.429835,fcaef3d6259ab0cf80ecd5a5
dropshipin.id,AVAILABILITY,origin.list,origin.list,2001-08-30 04:38:21.440757,fcaef3d6259ab0cf80ecd5a5
dryzapsol.com,AVAILABILITY,origin.list,origin.list,2001-08-30 04:38:21.451878,fcaef3d6259ab0cf80ecd5a5
duit.cc,AVAILABILITY,origin.list,origin.list,2001-08-30 04:38:21.462401,fcaef3d6259ab0cf80ecd5a5
dumetschool.com,AVAILABILITY,origin.list,origin.list,2001-08-30 04:38:21.473122,fcaef3d6259ab0cf80ecd5a5
dunia21s.fun,AVAILABILITY,origin.list,origin.list,2001-08-30 04:38:21.484139,fcaef3d6259ab0cf80ecd5a5
duniafintech.com,AVAILABILITY,origin.list,origin.list,2001-08-30 04:38:21.495560,fcaef3d6259ab0cf80ecd5a5
duniaiklangratis.com,AVAILABILITY,origin.list,origin.list,2001-08-30 04:38:21.507645,fcaef3d6259ab0cf80ecd5a5
duniailkom.com,AVAILABILITY,origin.list,origin.list,2001-08-30 04:38:21.519969,fcaef3d6259ab0cf80ecd5a5
duniaxxi.com,AVAILABILITY,origin.list,origin.list,2001-08-30 04:38:21.531603,fcaef3d6259ab0cf80ecd5a5
duosia.id,AVAILABILITY,origin.list,origin.list,2001-08-30 04:38:21.543845,fcaef3d6259ab0cf80ecd5a5
duta.co,AVAILABILITY,origin.list,origin.list,2001-08-30 04:38:21.555718,fcaef3d6259ab0cf80ecd5a5
dutademokrasi.com,AVAILABILITY,origin.list,origin.list,2001-08-30 04:38:21.567057,fcaef3d6259ab0cf80ecd5a5
dutaislam.com,AVAILABILITY,origin.list,origin.list,2001-08-30 04:38:21.578259,fcaef3d6259ab0cf80ecd5a5
dutatv.com,AVAILABILITY,origin.list,origin.list,2001-08-30 04:38:21.589038,fcaef3d6259ab0cf80ecd5a5
dwa21.org,AVAILABILITY,origin.list,origin.list,2001-08-30 04:38:21.601239,fcaef3d6259ab0cf80ecd5a5
dwcash.us,AVAILABILITY,origin.list,origin.list,2001-08-30 04:38:21.612619,fcaef3d6259ab0cf80ecd5a5
dwscr.net,AVAILABILITY,origin.list,origin.list,2001-08-30 04:38:21.626294,fcaef3d6259ab0cf80ecd5a5
dwscr.xyz,AVAILABILITY,origin.list,origin.list,2001-08-30 04:38:21.638698,fcaef3d6259ab0cf80ecd5a5
dwtgl.com,AVAILABILITY,origin.list,origin.list,2001-08-30 04:38:21.650827,fcaef3d6259ab0cf80ecd5a5
dz4link.com,AVAILABILITY,origin.list,origin.list,2001-08-30 04:38:21.663925,fcaef3d6259ab0cf80ecd5a5
e702fa7de9d35c37.com,AVAILABILITY,origin.list,origin.list,2001-08-30 04:38:21.676726,fcaef3d6259ab0cf80ecd5a5
earnload.co,AVAILABILITY,origin.list,origin.list,2001-08-30 04:38:21.689369,fcaef3d6259ab0cf80ecd5a5
ebolafc.net,AVAILABILITY,origin.list,origin.list,2001-08-30 04:38:21.702263,fcaef3d6259ab0cf80ecd5a5
ebrita.com,AVAILABILITY,origin.list,origin.list,2001-08-30 04:38:21.714757,fcaef3d6259ab0cf80ecd5a5
edukasibitcoin.com,AVAILABILITY,origin.list,origin.list,2001-08-30 04:38:21.726587,fcaef3d6259ab0cf80ecd5a5
eergithi.com,AVAILABILITY,origin.list,origin.list,2001-08-30 04:38:21.738787,fcaef3d6259ab0cf80ecd5a5
eexupeer.net,AVAILABILITY,origin.list,origin.list,2001-08-30 04:38:21.749617,fcaef3d6259ab0cf80ecd5a5
efek.stream,AVAILABILITY,origin.list,origin.list,2001-08-30 04:38:21.761041,fcaef3d6259ab0cf80ecd5a5
eio.io,AVAILABILITY,origin.list,origin.list,2001-08-30 04:38:21.773207,fcaef3d6259ab0cf80ecd5a5
ekagoblog.com,AVAILABILITY,origin.list,origin.list,2001-08-30 04:38:21.785739,fcaef3d6259ab0cf80ecd5a5
eljabar.com,AVAILABILITY,origin.list,origin.list,2001-08-30 04:38:21.797221,fcaef3d6259ab0cf80ecd5a5
elmu-blog.blogspot.com,AVAILABILITY,origin.list,origin.list,2001-08-30 04:38:21.808273,fcaef3d6259ab0cf80ecd5a5
elnusanews.com,AVAILABILITY,origin.list,origin.list,2001-08-30 04:38:21.819656,fcaef3d6259ab0cf80ecd5a5
elshinta.com,AVAILABILITY,origin.list,origin.list,2001-08-30 04:38:21.830403,fcaef3d6259ab0cf80ecd5a5
emerer.com,AVAILABILITY,origin.list,origin.list,2001-08-30 04:38:21.841088,fcaef3d6259ab0cf80ecd5a5
emuboosag.com,AVAILABILITY,origin.list,origin.list,2001-08-30 04:38:21.851798,fcaef3d6259ab0cf80ecd5a5
enmaer.com,AVAILABILITY,origin.list,origin.list,2001-08-30 04:38:21.862723,fcaef3d6259ab0cf80ecd5a5
enthus1ast.com,AVAILABILITY,origin.list,origin.list,2001-08-30 04:38:21.874949,fcaef3d6259ab0cf80ecd5a5
equator.co.id,AVAILABILITY,origin.list,origin.list,2001-08-30 04:38:21.886408,fcaef3d6259ab0cf80ecd5a5
eramuslim.com,AVAILABILITY,origin.list,origin.list,2001-08-30 04:38:21.898093,fcaef3d6259ab0cf80ecd5a5
esports.id,AVAILABILITY,origin.list,origin.list,2001-08-30 04:38:21.908641,fcaef3d6259ab0cf80ecd5a5
etalasebisnis.com,AVAILABILITY,origin.list,origin.list,2001-08-30 04:38:21.919531,fcaef3d6259ab0cf80ecd5a5
etoads.net,AVAILABILITY,origin.list,origin.list,2001-08-30 04:38:21.930041,fcaef3d6259ab0cf80ecd5a5
ewerhodub.com,AVAILABILITY,origin.list,origin.list,2001-08-30 04:38:21.941550,fcaef3d6259ab0cf80ecd5a5
expontt.com,AVAILABILITY,origin.list,origin.list,2001-08-30 04:38:21.952685,fcaef3d6259ab0cf80ecd5a5
expossumbar.com,AVAILABILITY,origin.list,origin.list,2001-08-30 04:38:21.965359,fcaef3d6259ab0cf80ecd5a5
fachmycasofa.com,AVAILABILITY,origin.list,origin.list,2001-08-30 04:38:21.976329,fcaef3d6259ab0cf80ecd5a5
fadslimz.com,AVAILABILITY,origin.list,origin.list,2001-08-30 04:38:21.988226,fcaef3d6259ab0cf80ecd5a5
fajar.co.id,AVAILABILITY,origin.list,origin.list,2001-08-30 04:38:22.001054,fcaef3d6259ab0cf80ecd5a5
fajarbali.co.id,AVAILABILITY,origin.list,origin.list,2001-08-30 04:38:22.013277,fcaef3d6259ab0cf80ecd5a5
fajarmanado.com,AVAILABILITY,origin.list,origin.list,2001-08-30 04:38:22.024401,fcaef3d6259ab0cf80ecd5a5
fajarsumatera.co.id,AVAILABILITY,origin.list,origin.list,2001-08-30 04:38:22.036201,fcaef3d6259ab0cf80ecd5a5
faktabali.com,AVAILABILITY,origin.list,origin.list,2001-08-30 04:38:22.047335,fcaef3d6259ab0cf80ecd5a5
faktabandungraya.com,AVAILABILITY,origin.list,origin.list,2001-08-30 04:38:22.061091,fcaef3d6259ab0cf80ecd5a5
faktabanten.co.id,AVAILABILITY,origin.list,origin.list,2001-08-30 04:38:22.077995,fcaef3d6259ab0cf80ecd5a5
faktahukumntt.com,AVAILABILITY,origin.list,origin.list,2001-08-30 04:38:22.090463,fcaef3d6259ab0cf80ecd5a5
faktajember.com,AVAILABILITY,origin.list,origin.list,2001-08-30 04:38:22.103200,fcaef3d6259ab0cf80ecd5a5
faktualnews.co,AVAILABILITY,origin.list,origin.list,2001-08-30 04:38:22.114137,fcaef3d6259ab0cf80ecd5a5
fazar.net,AVAILABILITY,origin.list,origin.list,2001-08-30 04:38:22.130145,fcaef3d6259ab0cf80ecd5a5
