idna_subject,checker_type,destination,source,tested_at,session_id
bolasport.com,AVAILABILITY,origin.list,origin.list,2001-08-04 16:38:32.090906,0e1371e337b1935df65381d4
bolatimes.com,AVAILABILITY,origin.list,origin.list,2001-08-04 16:38:32.099357,0e1371e337b1935df65381d4
bolmongraya.co,AVAILABILITY,origin.list,origin.list,2001-08-04 16:38:32.107842,0e1371e337b1935df65381d4
boombastis.com,AVAILABILITY,origin.list,origin.list,2001-08-04 16:38:32.116327,0e1371e337b1935df65381d4
borneonews.co.id,AVAILABILITY,origin.list,origin.list,2001-08-04 16:38:32.126027,0e1371e337b1935df65381d4
borukaro.com,AVAILABILITY,origin.list,origin.list,2001-08-04 16:38:32.134564,0e1371e337b1935df65381d4
bos21.bar,AVAILABILITY,origin.list,origin.list,2001-08-04 16:38:32.143109,0e1371e337b1935df65381d4
bosqq.online,AVAILABILITY,origin.list,origin.list,2001-08-04 16:38:32.151699,0e1371e337b1935df65381d4
boss-ant.blogspot.com,AVAILABILITY,origin.list,origin.list,2001-08-04 16:38:32.160284,0e1371e337b1935df65381d4
brainly.co.id,AVAILABILITY,origin.list,origin.list,2001-08-04 16:38:32.168859,0e1371e337b1935df65381d4
brand.ad,AVAILABILITY,origin.list,origin.list,2001-08-04 16:38:32.177439,0e1371e337b1935df65381d4
brantasnews.co.id,AVAILABILITY,origin.list,origin.list,2001-08-04 16:38:32.186042,0e1371e337b1935df65381d4
brilio.net,AVAILABILITY,origin.list,origin.list,2001-08-04 16:38:32.194708,0e1371e337b1935df65381d4
brindonews.com,AVAILABILITY,origin.list,origin.list,2001-08-04 16:38:32.203382,0e1371e337b1935df65381d4
brotutor.net,AVAILABILITY,origin.list,origin.list,2001-08-04 16:38:32.212721,0e1371e337b1935df65381d4
browsertelemetry.tk,AVAILABILITY,origin.list,origin.list,2001-08-04 16:38:32.221369,0e1371e337b1935df65381d4
budiarto.id,AVAILABILITY,origin.list,origin.list,2001-08-04 16:38:32.230085,0e1371e337b1935df65381d4
bukalapak.com,AVAILABILITY,origin.list,origin.list,2001-08-04 16:38:32.238808,0e1371e337b1935df65381d4
bulletinjournalist.com,AVAILABILITY,origin.list,origin.list,2001-08-04 16:38:32.247575,0e1371e337b1935df65381d4
bunaken.co.id,AVAILABILITY,origin.list,origin.list,2001-08-04 16:38:32.256273,0e1371e337b1935df65381d4
bungfrangki.com,AVAILABILITY,origin.list,origin.list,2001-08-04 16:38:32.264991,0e1371e337b1935df65381d4
c.lazada.co.id,AVAILABILITY,origin.list,origin.list,2001-08-04 16:38:32.273753,0e1371e337b1935df65381d4
cahayasiang.com,AVAILABILITY,origin.list,origin.list,2001-08-04 16:38:32.282545,0e1371e337b1935df65381d4
cakrawalajabar.com,AVAILABILITY,origin.list,origin.list,2001-08-04 16:38:32.291199,0e1371e337b1935df65381d4
caramenangtaruhanbola.com,AVAILABILITY,origin.list,origin.list,2001-08-04 16:38:32.300598,0e1371e337b1935df65381d4
carapedia.com,AVAILABILITY,origin.list,origin.list,2001-08-04 16:38:32.309374,0e1371e337b1935df65381d4
cararoot.id,AVAILABILITY,origin.list,origin.list,2001-08-04 16:38:32.318148,0e1371e337b1935df65381d4
caribanner.bid,AVAILABILITY,origin.list,origin.list,2001-08-04 16:38:32.326905,0e1371e337b1935df65381d4
cartalog.id,AVAILABILITY,origin.list,origin.list,2001-08-04 16:38:32.335704,0e1371e337b1935df65381d4
casafelink2.blogspot.com,AVAILABILITY,origin.list,origin.list,2001-08-04 16:38:32.344543,0e1371e337b1935df65381d4
catwenbat.com,AVAILABILITY,origin.list,origin.list,2001-08-04 16:38:32.353383,0e1371e337b1935df65381d4
cbogaming.com,AVAILABILITY,origin.list,origin.list,2001-08-04 16:38:32.362902,0e1371e337b1935df65381d4
cdnasiaclub.com,AVAILABILITY,origin.list,origin.list,2001-08-04 16:38:32.371756,0e1371e337b1935df65381d4
cendananews.com,AVAILABILITY,origin.list,origin.list,2001-08-04 16:38:32.380728,0e1371e337b1935df65381d4
centerklik.com,AVAILABILITY,origin.list,origin.list,2001-08-04 16:38:32.389670,0e1371e337b1935df65381d4
ceposonline.com,AVAILABILITY,origin.list,origin.list,2001-08-04 16:38:32.398577,0e1371e337b1935df65381d4
cermati.com,AVAILABILITY,origin.list,origin.list,2001-08-04 16:38:32.407521,0e1371e337b1935df65381d4
cerpen.co.id,AVAILABILITY,origin.list,origin.list,2001-08-04 16:38:32.416573,0e1371e337b1935df65381d4
cetedaninghining.pro,AVAILABILITY,origin.list,origin.list,2001-08-04 16:38:32.425596,0e1371e337b1935df65381d4
cewekbanget.grid.id,AVAILABILITY,origin.list,origin.list,2001-08-04 16:38:32.434565,0e1371e337b1935df65381d4
cgv.id,AVAILABILITY,origin.list,origin.list,2001-08-04 16:38:32.443593,0e1371e337b1935df65381d4
cgvindo.vip,AVAILABILITY,origin.list,origin.list,2001-08-04 16:38:32.452621,0e1371e337b1935df65381d4
chiarafarina.blogspot.com,AVAILABILITY,origin.list,origin.list,2001-08-04 16:38:32.461682,0e1371e337b1935df65381d4
cianjurekspres.net,AVAILABILITY,origin.list,origin.list,2001-08-04 16:38:32.470668,0e1371e337b1935df65381d4
cibaibin.com,AVAILABILITY,origin.list,origin.list,2001-08-04 16:38:32.479635,0e1371e337b1935df65381d4
cikimm.com,AVAILABILITY,origin.list,origin.list,2001-08-04 16:38:32.488735,0e1371e337b1935df65381d4
cinema-xx1.com,AVAILABILITY,origin.list,origin.list,2001-08-04 16:38:32.497759,0e1371e337b1935df65381d4
cinemaday.org,AVAILABILITY,origin.list,origin.list,2001-08-04 16:38:32.506819,0e1371e337b1935df65381d4
cinemags.co.id,AVAILABILITY,origin.list,origin.list,2001-08-04 16:38:32.515837,0e1371e337b1935df65381d4
cinemaindo.co.in,AVAILABILITY,origin.list,origin.list,2001-08-04 16:38:32.524877,0e1371e337b1935df65381d4
cinemaindo.watch,AVAILABILITY,origin.list,origin.list,2001-08-04 16:38:32.533985,0e1371e337b1935df65381d4
cintamuda.com,AVAILABILITY,origin.list,origin.list,2001-08-04 16:38:32.543066,0e1371e337b1935df65381d4
ciriseo.net,AVAILABILITY,origin.list,origin.list,2001-08-04 16:38:32.552288,0e1371e337b1935df65381d4
citranewsindonesia.com,AVAILABILITY,origin.list,origin.list,2001-08-04 16:38:32.561475,0e1371e337b1935df65381d4
citrust.id,AVAILABILITY,origin.list,origin.list,2001-08-04 16:38:32.570619,0e1371e337b1935df65381d4
cl1k.com,AVAILABILITY,origin.list,origin.list,2001-08-04 16:38:32.579739,0e1371e337b1935df65381d4
clampschoolholic.com,AVAILABILITY,origin.list,origin.list,2001-08-04 16:38:32.588881,0e1371e337b1935df65381d4
clickmedia.co.id,AVAILABILITY,origin.list,origin.list,2001-08-04 16:38:32.598070,0e1371e337b1935df65381d4
client.okezone.com,AVAILABILITY,origin.list,origin.list,2001-08-04 16:38:32.607261,0e1371e337b1935df65381d4
closetopic.site,AVAILABILITY,origin.list,origin.list,2001-08-04 16:38:32.616520,0e1371e337b1935df65381d4
cloudfilm.co,AVAILABILITY,origin.list,origin.list,2001-08-04 16:38:32.625815,0e1371e337b1935df65381d4
cloudmediabiz.com,AVAILABILITY,origin.list,origin.list,2001-08-04 16:38:32.635124,0e1371e337b1935df65381d4
cmcpoker.info,AVAILABILITY,origin.list,origin.list,2001-08-04 16:38:32.644399,0e1371e337b1935df65381d4
cnbcindonesia.com,AVAILABILITY,origin.list,origin.list,2001-08-04 16:38:32.653684,0e1371e337b1935df65381d4
cnnbanten.id,AVAILABILITY,origin.list,origin.list,2001-08-04 16:38:32.663005,0e1371e337b1935df65381d4
cnnindonesia.com,AVAILABILITY,origin.list,origin.list,2001-08-04 16:38:32.672329,0e1371e337b1935df65381d4
cnnxxi.com,AVAILABILITY,origin.list,origin.list,2001-08-04 16:38:32.681713,0e1371e337b1935df65381d4
cnnxxi21.com,AVAILABILITY,origin.list,origin.list,2001-08-04 16:38:32.691060,0e1371e337b1935df65381d4
coba.dev,AVAILABILITY,origin.list,origin.list,2001-08-04 16:38:32.700413,0e1371e337b1935df65381d4
coinvestasi.com,AVAILABILITY,origin.list,origin.list,2001-08-04 16:38:32.709735,0e1371e337b1935df65381d4
conan.id,AVAILABILITY,origin.list,origin.list,2001-08-04 16:38:32.719128,0e1371e337b1935df65381d4
copydev.com,AVAILABILITY,origin.list,origin.list,2001-08-04 16:38:32.728543,0e1371e337b1935df65381d4
corongrakyat.co.id,AVAILABILITY,origin.list,origin.list,2001-08-04 16:38:32.737946,0e1371e337b1935df65381d4
cosmogirl.co.id,AVAILABILITY,origin.list,origin.list,2001-08-04 16:38:32.747402,0e1371e337b1935df65381d4
couptoug.net,AVAILABILITY,origin.list,origin.list,2001-08-04 16:38:32.756828,0e1371e337b1935df65381d4
cpnsonline.com,AVAILABILITY,origin.list,origin.list,2001-08-04 16:38:32.766310,0e1371e337b1935df65381d4
craydark.pw,AVAILABILITY,origin.list,origin.list,2001-08-04 16:38:32.775836,0e1371e337b1935df65381d4
cryaptall.club,AVAILABILITY,origin.list,origin.list,2001-08-04 16:38:32.785385,0e1371e337b1935df65381d4
cryptobrowser.site,AVAILABILITY,origin.list,origin.list,2001-08-04 16:38:32.794912,0e1371e337b1935df65381d4
cuitandokter.com,AVAILABILITY,origin.list,origin.list,2001-08-04 16:38:32.804442,0e1371e337b1935df65381d4
cumirproduction.blogspot.com,AVAILABILITY,origin.list,origin.list,2001-08-04 16:38:32.813915,0e1371e337b1935df65381d4
cut.my.id,AVAILABILITY,origin.list,origin.list,2001-08-04 16:38:32.823457,0e1371e337b1935df65381d4
cyberlampung.com,AVAILABILITY,origin.list,origin.list,2001-08-04 16:38:32.833027,0e1371e337b1935df65381d4
d01.notifa.info,AVAILABILITY,origin.list,origin.list,2001-08-04 16:38:32.842633,0e1371e337b1935df65381d4
d138am4hd4ke4y.cloudfront.net,AVAILABILITY,origin.list,origin.list,2001-08-04 16:38:32.852199,0e1371e337b1935df65381d4
d21.top,AVAILABILITY,origin.list,origin.list,2001-08-04 16:38:32.861801,0e1371e337b1935df65381d4
d24afgsm39csxt.cloudfront.net,AVAILABILITY,origin.list,origin.list,2001-08-04 16:38:32.871522,0e1371e337b1935df65381d4
d27x580xb9ao1l.cloudfront.net,AVAILABILITY,origin.list,origin.list,2001-08-04 16:38:32.881196,0e1371e337b1935df65381d4
d2glav2919q4cw.cloudfront.net,AVAILABILITY,origin.list,origin.list,2001-08-04 16:38:32.890823,0e1371e337b1935df65381d4
d2t67iukq9ieyq.cloudfront.net,AVAILABILITY,origin.list,origin.list,2001-08-04 16:38:32.900551,0e1371e337b1935df65381d4
d2wpknqle9nuv8.cloudfront.net,AVAILABILITY,origin.list,origin.list,2001-08-04 16:38:32.910191,0e1371e337b1935df65381d4
d3oep4gb91kpuv.cloudfront.net,AVAILABILITY,origin.list,origin.list,2001-08-04 16:38:32.919861,0e1371e337b1935df65381d4
dadhuhram.com,AVAILABILITY,origin.list,origin.list,2001-08-04 16:38:32.929490,0e1371e337b1935df65381d4
daezorwyn.xyz,AVAILABILITY,origin.list,origin.list,2001-08-04 16:38:32.939166,0e1371e337b1935df65381d4
dafideff.com,AVAILABILITY,origin.list,origin.list,2001-08-04 16:38:32.948942,0e1371e337b1935df65381d4
daftarhewan.com,AVAILABILITY,origin.list,origin.list,2001-08-04 16:38:32.958712,0e1371e337b1935df65381d4
daftaritubola.com,AVAILABILITY,origin.list,origin.list,2001-08-04 16:38:32.968489,0e1371e337b1935df65381d4
daftarsb1m.net,AVAILABILITY,origin.list,origin.list,2001-08-04 16:38:32.978219,0e1371e337b1935df65381d4
dailypost.id,AVAILABILITY,origin.list,origin.list,2001-08-04 16:38:32.987985,0e1371e337b1935df65381d4
daizurin.com,AVAILABILITY,origin.list,origin.list,2001-08-04 16:38:32.997741,0e1371e337b1935df65381d4
danirachmat.com,AVAILABILITY,origin.list,origin.list,2001-08-04 16:38:33.007548,0e1371e337b1935df65381d4
darhostmedia.com,AVAILABILITY,origin.list,origin.list,2001-08-04 16:38:33.017382,0e1371e337b1935df65381d4
darts-ads.telkom.co.id,AVAILABILITY,origin.list,origin.list,2001-08-04 16:38:33.027155,0e1371e337b1935df65381d4
data-sgp.net,AVAILABILITY,origin.list,origin.list,2001-08-04 16:38:33.037040,0e1371e337b1935df65381d4
datadikdasmen.com,AVAILABILITY,origin.list,origin.list,2001-08-04 16:38:33.047658,0e1371e337b1935df65381d4
datakeluar.net,AVAILABILITY,origin.list,origin.list,2001-08-04 16:38:33.058173,0e1371e337b1935df65381d4
datamaya.com,AVAILABILITY,origin.list,origin.list,2001-08-04 16:38:33.068020,0e1371e337b1935df65381d4
datuksakti.blogspot.com,AVAILABILITY,origin.list,origin.list,2001-08-04 16:38:33.077963,0e1371e337b1935df65381d4
dayaknews.com,AVAILABILITY,origin.list,origin.list,2001-08-04 16:38:33.088636,0e1371e337b1935df65381d4
debgameku.com,AVAILABILITY,origin.list,origin.list,2001-08-04 16:38:33.098627,0e1371e337b1935df65381d4
degens.com,AVAILABILITY,origin.list,origin.list,2001-08-04 16:38:33.108578,0e1371e337b1935df65381d4
dekadepos.com,AVAILABILITY,origin.list,origin.list,2001-08-04 16:38:33.118543,0e1371e337b1935df65381d4
delegasi.com,AVAILABILITY,origin.list,origin.list,2001-08-04 16:38:33.128563,0e1371e337b1935df65381d4
deligrassdull.com,AVAILABILITY,origin.list,origin.list,2001-08-04 16:38:33.138658,0e1371e337b1935df65381d4
deltakepri.co.id,AVAILABILITY,origin.list,origin.list,2001-08-04 16:38:33.148657,0e1371e337b1935df65381d4
derapfakta.com,AVAILABILITY,origin.list,origin.list,2001-08-04 16:38:33.158623,0e1371e337b1935df65381d4
desainstudio.com,AVAILABILITY,origin.list,origin.list,2001-08-04 16:38:33.168760,0e1371e337b1935df65381d4
detak.co,AVAILABILITY,origin.list,origin.list,2001-08-04 16:38:33.178732,0e1371e337b1935df65381d4
detakbanten.com,AVAILABILITY,origin.list,origin.list,2001-08-04 16:38:33.188771,0e1371e337b1935df65381d4
detaksatu.com,AVAILABILITY,origin.list,origin.list,2001-08-04 16:38:33.198830,0e1371e337b1935df65381d4
detik.com,AVAILABILITY,origin.list,origin.list,2001-08-04 16:38:33.208929,0e1371e337b1935df65381d4
detikglobalnews.com,AVAILABILITY,origin.list,origin.list,2001-08-04 16:38:33.218960,0e1371e337b1935df65381d4
detiknews.id,AVAILABILITY,origin.list,origin.list,2001-08-04 16:38:33.229095,0e1371e337b1935df65381d4
detikntb.com,AVAILABILITY,origin.list,origin.list,2001-08-04 16:38:33.239177,0e1371e337b1935df65381d4
detiksumsel.com,AVAILABILITY,origin.list,origin.list,2001-08-04 16:38:33.249298,0e1371e337b1935df65381d4
detikxxi.com,AVAILABILITY,origin.list,origin.list,2001-08-04 16:38:33.259332,0e1371e337b1935df65381d4
detotabuan.com,AVAILABILITY,origin.list,origin.list,2001-08-04 16:38:33.269550,0e1371e337b1935df65381d4
dewabiz.com,AVAILABILITY,origin.list,origin.list,2001-08-04 16:38:33.279750,0e1371e337b1935df65381d4
dewainside.blogspot.com,AVAILABILITY,origin.list,origin.list,2001-08-04 16:38:33.289978,0e1371e337b1935df65381d4
dewanaga.co,AVAILABILITY,origin.list,origin.list,2001-08-04 16:38:33.303232,0e1371e337b1935df65381d4
dewaplokis.com,AVAILABILITY,origin.list,origin.list,2001-08-04 16:38:33.313554,0e1371e337b1935df65381d4
dewatagames.com,AVAILABILITY,origin.list,origin.list,2001-08-04 16:38:33.323801,0e1371e337b1935df65381d4
dewiku.com,AVAILABILITY,origin.list,origin.list,2001-08-04 16:38:33.334100,0e1371e337b1935df65381d4
dezige-in.blogspot.com,AVAILABILITY,origin.list,origin.list,2001-08-04 16:38:33.344354,0e1371e337b1935df65381d4
dgw7ae5vrovs7.cloudfront.net,AVAILABILITY,origin.list,origin.list,2001-08-04 16:38:33.354617,0e1371e337b1935df65381d4
dhadigital.com,AVAILABILITY,origin.list,origin.list,2001-08-04 16:38:33.364947,0e1371e337b1935df65381d4
dialeksis.com,AVAILABILITY,origin.list,origin.list,2001-08-04 16:38:33.375282,0e1371e337b1935df65381d4
diaridona.com,AVAILABILITY,origin.list,origin.list,2001-08-04 16:38:33.385637,0e1371e337b1935df65381d4
dibalikseo.com,AVAILABILITY,origin.list,origin.list,2001-08-04 16:38:33.395979,0e1371e337b1935df65381d4
dibuka.net,AVAILABILITY,origin.list,origin.list,2001-08-04 16:38:33.406445,0e1371e337b1935df65381d4
didrakorindo.com,AVAILABILITY,origin.list,origin.list,2001-08-04 16:38:33.416810,0e1371e337b1935df65381d4
digiads.co.id,AVAILABILITY,origin.list,origin.list,2001-08-04 16:38:33.427116,0e1371e337b1935df65381d4
digitalnews.co.id,AVAILABILITY,origin.list,origin.list,2001-08-04 16:38:33.440582,0e1371e337b1935df65381d4
digtara.com,AVAILABILITY,origin.list,origin.list,2001-08-04 16:38:33.450969,0e1371e337b1935df65381d4
dijaminmurah.com,AVAILABILITY,origin.list,origin.list,2001-08-04 16:38:33.461344,0e1371e337b1935df65381d4
disingkat.in,AVAILABILITY,origin.list,origin.list,2001-08-04 16:38:33.474520,0e1371e337b1935df65381d4
diskon.com,AVAILABILITY,origin.list,origin.list,2001-08-04 16:38:33.484944,0e1371e337b1935df65381d4
ditonton.biz,AVAILABILITY,origin.list,origin.list,2001-08-04 16:38:33.495382,0e1371e337b1935df65381d4
ditonton.com,AVAILABILITY,origin.list,origin.list,2001-08-04 16:38:33.505879,0e1371e337b1935df65381d4
ditonton.net,AVAILABILITY,origin.list,origin.list,2001-08-04 16:38:33.516456,0e1371e337b1935df65381d4
djoker.online,AVAILABILITY,origin.list,origin.list,2001-08-04 16:38:33.527016,0e1371e337b1935df65381d4
djournalist.com,AVAILABILITY,origin.list,origin.list,2001-08-04 16:38:33.537623,0e1371e337b1935df65381d4
dl.helow.id,AVAILABILITY,origin.list,origin.list,2001-08-04 16:38:33.548269,0e1371e337b1935df65381d4
doathair.com,AVAILABILITY,origin.list,origin.list,2001-08-04 16:38:33.558842,0e1371e337b1935df65381d4
doktersehat.com,AVAILABILITY,origin.list,origin.list,2001-08-04 16:38:33.569424,0e1371e337b1935df65381d4
domainesia-assets.s3.amazonaws.com,AVAILABILITY,origin.list,origin.list,2001-08-04 16:38:33.579996,0e1371e337b1935df65381d4
domigado.com,AVAILABILITY,origin.list,origin.list,2001-08-04 16:38:33.590632,0e1371e337b1935df65381d4
doramaflix.com,AVAILABILITY,origin.list,origin.list,2001-08-04 16:38:33.602049,0e1371e337b1935df65381d4
dosenonline.id,AVAILABILITY,origin.list,origin.list,2001-08-04 16:38:33.612739,0e1371e337b1935df65381d4
download.id,AVAILABILITY,origin.list,origin.list,2001-08-04 16:38:33.623349,0e1371e337b1935df65381d4
downloadbatch.net,AVAILABILITY,origin.list,origin.list,2001-08-04 16:38:33.633993,0e1371e337b1935df65381d4
doxadigital.com,AVAILABILITY,origin.list,origin.list,2001-08-04 16:38:33.647384,0e1371e337b1935df65381d4
dr-farfar.net,AVAILABILITY,origin.list,origin.list,2001-08-04 16:38:33.658069,0e1371e337b1935df65381d4
drakorcute.com,AVAILABILITY,origin.list,origin.list,2001-08-04 16:38:33.668797,0e1371e337b1935df65381d4
drakorfans.com,AVAILABILITY,origin.list,origin.list,2001-08-04 16:38:33.679485,0e1371e337b1935df65381d4
drakoric.com,AVAILABILITY,origin.list,origin.list,2001-08-04 16:38:33.690285,0e1371e337b1935df65381d4
drakorindo.bid,AVAILABILITY,origin.list,origin.list,2001-08-04 16:38:33.701056,0e1371e337b1935df65381d4
drakorindo.life,AVAILABILITY,origin.list,origin.list,2001-08-04 16:38:33.711883,0e1371e337b1935df65381d4
drakorindofilms.fun,AVAILABILITY,origin.list,origin.list,2001-08-04 16:38:33.722674,0e1371e337b1935df65381d4
drakorku.my.id,AVAILABILITY,origin.list,origin.list,2001-08-04 16:38:33.733484,0e1371e337b1935df65381d4
dramabarat.com,AVAILABILITY,origin.list,origin.list,2001-08-04 16:38:33.746625,0e1371e337b1935df65381d4
dramaencode.co,AVAILABILITY,origin.list,origin.list,2001-08-04 16:38:33.757450,0e1371e337b1935df65381d4
dramaencode.com,AVAILABILITY,origin.list,origin.list,2001-08-04 16:38:33.768372,0e1371e337b1935df65381d4
dramafilm21.com,AVAILABILITY,origin.list,origin.list,2001-08-04 16:38:33.779153,0e1371e337b1935df65381d4
dramazon.id,AVAILABILITY,origin.list,origin.list,2001-08-04 16:38:33.792862,0e1371e337b1935df65381d4
drda5yf9kgz5p.cloudfront.net,AVAILABILITY,origin.list,origin.list,2001-08-04 16:38:33.803690,0e1371e337b1935df65381d4
dream.co.id,AVAILABILITY,origin.list,origin.list,2001-08-04 16:38:33.814561,0e1371e337b1935df65381d4
drivenhype.com,AVAILABILITY,origin.list,origin.list,2001-08-04 16:38:33.825383,0e1371e337b1935df65381d4
driverays.com,AVAILABILITY,origin.list,origin.list,2001-08-04 16:38:33.836249,0e1371e337b1935df65381d4
dropshipin.id,AVAILABILITY,origin.list,origin.list,2001-08-04 16:38:33.847844,0e1371e337b1935df65381d4
dryzapsol.com,AVAILABILITY,origin.list,origin.list,2001-08-04 16:38:33.858774,0e1371e337b1935df65381d4
duit.cc,AVAILABILITY,origin.list,origin.list,2001-08-04 16:38:33.870632,0e1371e337b1935df65381d4
dumetschool.com,AVAILABILITY,origin.list,origin.list,2001-08-04 16:38:33.882596,0e1371e337b1935df65381d4
dunia21s.fun,AVAILABILITY,origin.list,origin.list,2001-08-04 16:38:33.894586,0e1371e337b1935df65381d4
duniafintech.com,AVAILABILITY,origin.list,origin.list,2001-08-04 16:38:33.906548,0e1371e337b1935df65381d4
duniaiklangratis.com,AVAILABILITY,origin.list,origin.list,2001-08-04 16:38:33.917656,0e1371e337b1935df65381d4
duniailkom.com,AVAILABILITY,origin.list,origin.list,2001-08-04 16:38:33.928806,0e1371e337b1935df65381d4
duniaxxi.com,AVAILABILITY,origin.list,origin.list,2001-08-04 16:38:33.940662,0e1371e337b1935df65381d4
duosia.id,AVAILABILITY,origin.list,origin.list,2001-08-04 16:38:33.951759,0e1371e337b1935df65381d4
duta.co,AVAILABILITY,origin.list,origin.list,2001-08-04 16:38:33.962823,0e1371e337b1935df65381d4
dutademokrasi.com,AVAILABILITY,origin.list,origin.list,2001-08-04 16:38:33.973894,0e1371e337b1935df65381d4
dutaislam.com,AVAILABILITY,origin.list,origin.list,2001-08-04 16:38:33.984970,0e1371e337b1935df65381d4
dutatv.com,AVAILABILITY,origin.list,origin.list,2001-08-04 16:38:33.995953,0e1371e337b1935df65381d4
dwa21.org,AVAILABILITY,origin.list,origin.list,2001-08-04 16:38:34.007049,0e1371e337b1935df65381d4
dwcash.us,AVAILABILITY,origin.list,origin.list,2001-08-04 16:38:34.018207,0e1371e337b1935df65381d4
dwscr.net,AVAILABILITY,origin.list,origin.list,2001-08-04 16:38:34.029334,0e1371e337b1935df65381d4
dwscr.xyz,AVAILABILITY,origin.list,origin.list,2001-08-04 16:38:34.040403,0e1371e337b1935df65381d4
dwtgl.com,AVAILABILITY,origin.list,origin.list,2001-08-04 16:38:34.051593,0e1371e337b1935df65381d4
dz4link.com,AVAILABILITY,origin.list,origin.list,2001-08-04 16:38:34.062680,0e1371e337b1935df65381d4
e702fa7de9d35c37.com,AVAILABILITY,origin.list,origin.list,2001-08-04 16:38:34.073833,0e1371e337b1935df65381d4
earnload.co,AVAILABILITY,origin.list,origin.list,2001-08-04 16:38:34.084933,0e1371e337b1935df65381d4
ebolafc.net,AVAILABILITY,origin.list,origin.list,2001-08-04 16:38:34.096156,0e1371e337b1935df65381d4
ebrita.com,AVAILABILITY,origin.list,origin.list,2001-08-04 16:38:34.107396,0e1371e337b1935df65381d4
edukasibitcoin.com,AVAILABILITY,origin.list,origin.list,2001-08-04 16:38:34.118696,0e1371e337b1935df65381d4
eergithi.com,AVAILABILITY,origin.list,origin.list,2001-08-04 16:38:34.129893,0e1371e337b1935df65381d4
eexupeer.net,AVAILABILITY,origin.list,origin.list,2001-08-04 16:38:34.141181,0e1371e337b1935df65381d4
efek.stream,AVAILABILITY,origin.list,origin.list,2001-08-04 16:38:34.152483,0e1371e337b1935df65381d4
eio.io,AVAILABILITY,origin.list,origin.list,2001-08-04 16:38:34.163727,0e1371e337b1935df65381d4
ekagoblog.com,AVAILABILITY,origin.list,origin.list,2001-08-04 16:38:34.175030,0e1371e337b1935df65381d4
eljabar.com,AVAILABILITY,origin.list,origin.list,2001-08-04 16:38:34.186433,0e1371e337b1935df65381d4
elmu-blog.blogspot.com,AVAILABILITY,origin.list,origin.list,2001-08-04 16:38:34.197717,0e1371e337b1935df65381d4
elnusanews.com,AVAILABILITY,origin.list,origin.list,2001-08-04 16:38:34.209026,0e1371e337b1935df65381d4
elshinta.com,AVAILABILITY,origin.list,origin.list,2001-08-04 16:38:34.220310,0e1371e337b1935df65381d4
emerer.com,AVAILABILITY,origin.list,origin.list,2001-08-04 16:38:34.231563,0e1371e337b1935df65381d4
emuboosag.com,AVAILABILITY,origin.list,origin.list,2001-08-04 16:38:34.242851,0e1371e337b1935df65381d4
enmaer.com,AVAILABILITY,origin.list,origin.list,2001-08-04 16:38:34.254286,0e1371e337b1935df65381d4
enthus1ast.com,AVAILABILITY,origin.list,origin.list,2001-08-04 16:38:34.265654,0e1371e337b1935df65381d4
equator.co.id,AVAILABILITY,origin.list,origin.list,2001-08-04 16:38:34.277011,0e1371e337b1935df65381d4
eramuslim.com,AVAILABILITY,origin.list,origin.list,2001-08-04 16:38:34.288369,0e1371e337b1935df65381d4
esports.id,AVAILABILITY,origin.list,origin.list,2001-08-04 16:38:34.299812,0e1371e337b1935df65381d4
etalasebisnis.com,AVAILABILITY,origin.list,origin.list,2001-08-04 16:38:34.311354,0e1371e337b1935df65381d4
etoads.net,AVAILABILITY,origin.list,origin.list,2001-08-04 16:38:34.322871,0e1371e337b1935df65381d4
ewerhodub.com,AVAILABILITY,origin.list,origin.list,2001-08-04 16:38:34.334430,0e1371e337b1935df65381d4
expontt.com,AVAILABILITY,origin.list,origin.list,2001-08-04 16:38:34.346051,0e1371e337b1935df65381d4
expossumbar.com,AVAILABILITY,origin.list,origin.list,2001-08-04 16:38:34.357583,0e1371e337b1935df65381d4
fachmycasofa.com,AVAILABILITY,origin.list,origin.list,2001-08-04 16:38:34.369111,0e1371e337b1935df65381d4
fadslimz.com,AVAILABILITY,origin.list,origin.list,2001-08-04 16:38:34.380664,0e1371e337b1935df65381d4
fajar.co.id,AVAILABILITY,origin.list,origin.list,2001-08-04 16:38:34.392276,0e1371e337b1935df65381d4
fajarbali.co.id,AVAILABILITY,origin.list,origin.list,2001-08-04 16:38:34.403867,0e1371e337b1935df65381d4
fajarmanado.com,AVAILABILITY,origin.list,origin.list,2001-08-04 16:38:34.415435,0e1371e337b1935df65381d4
fajarsumatera.co.id,AVAILABILITY,origin.list,origin.list,2001-08-04 16:38:34.427150,0e1371e337b1935df65381d4
faktabali.com,AVAILABILITY,origin.list,origin.list,2001-08-04 16:38:34.438786,0e1371e337b1935df65381d4
faktabandungraya.com,AVAILABILITY,origin.list,origin.list,2001-08-04 16:38:34.450335,0e1371e337b1935df65381d4
faktabanten.co.id,AVAILABILITY,origin.list,origin.list,2001-08-04 16:38:34.461976,0e1371e337b1935df65381d4
faktahukumntt.com,AVAILABILITY,origin.list,origin.list,2001-08-04 16:38:34.473590,0e1371e337b1935df65381d4
faktajember.com,AVAILABILITY,origin.list,origin.list,2001-08-04 16:38:34.485177,0e1371e337b1935df65381d4
faktualnews.co,AVAILABILITY,origin.list,origin.list,2001-08-04 16:38:34.496812,0e1371e337b1935df65381d4
fazar.net,AVAILABILITY,origin.list,origin.list,2001-08-04 16:38:34.509966,0e1371e337b1935df65381d4
fb21.club,AVAILABILITY,origin.list,origin.list,2001-08-04 16:38:34.521636,0e1371e337b1935df65381d4
fb21.tv,AVAILABILITY,origin.list,origin.list,2001-08-04 16:38:34.533311,0e1371e337b1935df65381d4
fc.lc,AVAILABILITY,origin.list,origin.list,2001-08-04 16:38:34.545079,0e1371e337b1935df65381d4
fedaro.me,AVAILABILITY,origin.list,origin.list,2001-08-04 16:38:34.556845,0e1371e337b1935df65381d4
feedme.id,AVAILABILITY,origin.list,origin.list,2001-08-04 16:38:34.568565,0e1371e337b1935df65381d4
fifaduniabola.blogspot.com,AVAILABILITY,origin.list,origin.list,2001-08-04 16:38:34.580284,0e1371e337b1935df65381d4
filebanner.com,AVAILABILITY,origin.list,origin.list,2001-08-04 16:38:34.592113,0e1371e337b1935df65381d4
film21ku.xyz,AVAILABILITY,origin.list,origin.list,2001-08-04 16:38:34.603916,0e1371e337b1935df65381d4
filmapik.biz,AVAILABILITY,origin.list,origin.list,2001-08-04 16:38:34.615833,0e1371e337b1935df65381d4
filmapik.link,AVAILABILITY,origin.list,origin.list,2001-08-04 16:38:34.627721,0e1371e337b1935df65381d4
filmapik.live,AVAILABILITY,origin.list,origin.list,2001-08-04 16:38:34.639531,0e1371e337b1935df65381d4
filmboxoffice.web.id,AVAILABILITY,origin.list,origin.list,2001-08-04 16:38:34.651501,0e1371e337b1935df65381d4
filmindo.link,AVAILABILITY,origin.list,origin.list,2001-08-04 16:38:34.663449,0e1371e337b1935df65381d4
filmindo.stream,AVAILABILITY,origin.list,origin.list,2001-08-04 16:38:34.675317,0e1371e337b1935df65381d4
filmindonesia2020.blogspot.com,AVAILABILITY,origin.list,origin.list,2001-08-04 16:38:34.688058,0e1371e337b1935df65381d4
filmonlineindo.com,AVAILABILITY,origin.list,origin.list,2001-08-04 16:38:34.699915,0e1371e337b1935df65381d4
fixsirrod.site,AVAILABILITY,origin.list,origin.list,2001-08-04 16:38:34.711958,0e1371e337b1935df65381d4
fmoviez.org,AVAILABILITY,origin.list,origin.list,2001-08-04 16:38:34.724015,0e1371e337b1935df65381d4
fodz.xyz,AVAILABILITY,origin.list,origin.list,2001-08-04 16:38:34.736012,0e1371e337b1935df65381d4
fokusaktual.co.id,AVAILABILITY,origin.list,origin.list,2001-08-04 16:38:34.748011,0e1371e337b1935df65381d4
fokusnusatenggara.com,AVAILABILITY,origin.list,origin.list,2001-08-04 16:38:34.760021,0e1371e337b1935df65381d4
fokussumatera.com,AVAILABILITY,origin.list,origin.list,2001-08-04 16:38:34.771933,0e1371e337b1935df65381d4
followlike.net,AVAILABILITY,origin.list,origin.list,2001-08-04 16:38:34.783793,0e1371e337b1935df65381d4
fornews.co,AVAILABILITY,origin.list,origin.list,2001-08-04 16:38:34.795945,0e1371e337b1935df65381d4
forumbitcoin.co.id,AVAILABILITY,origin.list,origin.list,2001-08-04 16:38:34.808134,0e1371e337b1935df65381d4
forumiklan.com,AVAILABILITY,origin.list,origin.list,2001-08-04 16:38:34.820238,0e1371e337b1935df65381d4
fotodovana.com,AVAILABILITY,origin.list,origin.list,2001-08-04 16:38:34.835213,0e1371e337b1935df65381d4
fpalondon.net,AVAILABILITY,origin.list,origin.list,2001-08-04 16:38:34.847211,0e1371e337b1935df65381d4
franchiseglobal.com,AVAILABILITY,origin.list,origin.list,2001-08-04 16:38:34.859311,0e1371e337b1935df65381d4
fromthebasement.tv,AVAILABILITY,origin.list,origin.list,2001-08-04 16:38:34.871497,0e1371e337b1935df65381d4
gabungyuk.com,AVAILABILITY,origin.list,origin.list,2001-08-04 16:38:34.883638,0e1371e337b1935df65381d4
gabut.net,AVAILABILITY,origin.list,origin.list,2001-08-04 16:38:34.895936,0e1371e337b1935df65381d4
gabut777.com,AVAILABILITY,origin.list,origin.list,2001-08-04 16:38:34.908025,0e1371e337b1935df65381d4
gabut777.net,AVAILABILITY,origin.list,origin.list,2001-08-04 16:38:34.920191,0e1371e337b1935df65381d4
gadgetren.com,AVAILABILITY,origin.list,origin.list,2001-08-04 16:38:34.932307,0e1371e337b1935df65381d4
gagasanriau.com,AVAILABILITY,origin.list,origin.list,2001-08-04 16:38:34.944540,0e1371e337b1935df65381d4
gagpetwet.com,AVAILABILITY,origin.list,origin.list,2001-08-04 16:38:34.956707,0e1371e337b1935df65381d4
gajiancoin.online,AVAILABILITY,origin.list,origin.list,2001-08-04 16:38:34.968943,0e1371e337b1935df65381d4
gajianyuk.com,AVAILABILITY,origin.list,origin.list,2001-08-04 16:38:34.981188,0e1371e337b1935df65381d4
gallerymodelmale.blogspot.com,AVAILABILITY,origin.list,origin.list,2001-08-04 16:38:34.993511,0e1371e337b1935df65381d4
game-kentang.blogspot.com,AVAILABILITY,origin.list,origin.list,2001-08-04 16:38:35.005758,0e1371e337b1935df65381d4
gamebolasepak.com,AVAILABILITY,origin.list,origin.list,2001-08-04 16:38:35.017977,0e1371e337b1935df65381d4
gamebrott.com,AVAILABILITY,origin.list,origin.list,2001-08-04 16:38:35.030263,0e1371e337b1935df65381d4
gamefinity.id,AVAILABILITY,origin.list,origin.list,2001-08-04 16:38:35.042652,0e1371e337b1935df65381d4
ganool.world,AVAILABILITY,origin.list,origin.list,2001-08-04 16:38:35.055118,0e1371e337b1935df65381d4
ganool21.asia,AVAILABILITY,origin.list,origin.list,2001-08-04 16:38:35.067405,0e1371e337b1935df65381d4
ganool21.click,AVAILABILITY,origin.list,origin.list,2001-08-04 16:38:35.079766,0e1371e337b1935df65381d4
ganool21.co,AVAILABILITY,origin.list,origin.list,2001-08-04 16:38:35.092189,0e1371e337b1935df65381d4
ganool21.link,AVAILABILITY,origin.list,origin.list,2001-08-04 16:38:35.104604,0e1371e337b1935df65381d4
ganool21.watch,AVAILABILITY,origin.list,origin.list,2001-08-04 16:38:35.116976,0e1371e337b1935df65381d4
ganooll.co,AVAILABILITY,origin.list,origin.list,2001-08-04 16:38:35.129390,0e1371e337b1935df65381d4
gardaasakota.com,AVAILABILITY,origin.list,origin.list,2001-08-04 16:38:35.141803,0e1371e337b1935df65381d4
gardamalaka.com,AVAILABILITY,origin.list,origin.list,2001-08-04 16:38:35.154206,0e1371e337b1935df65381d4
gardapapua.com,AVAILABILITY,origin.list,origin.list,2001-08-04 16:38:35.166488,0e1371e337b1935df65381d4
garismerahnews.com,AVAILABILITY,origin.list,origin.list,2001-08-04 16:38:35.178869,0e1371e337b1935df65381d4
garudadaily.com,AVAILABILITY,origin.list,origin.list,2001-08-04 16:38:35.191422,0e1371e337b1935df65381d4
garudapos.com,AVAILABILITY,origin.list,origin.list,2001-08-04 16:38:35.203914,0e1371e337b1935df65381d4
gatra.com,AVAILABILITY,origin.list,origin.list,2001-08-04 16:38:35.216525,0e1371e337b1935df65381d4
gatsunime.net,AVAILABILITY,origin.list,origin.list,2001-08-04 16:38:35.229130,0e1371e337b1935df65381d4
gbos.club,AVAILABILITY,origin.list,origin.list,2001-08-04 16:38:35.241710,0e1371e337b1935df65381d4
gcube.id,AVAILABILITY,origin.list,origin.list,2001-08-04 16:38:35.254282,0e1371e337b1935df65381d4
gebraknusantara.co.id,AVAILABILITY,origin.list,origin.list,2001-08-04 16:38:35.266763,0e1371e337b1935df65381d4
gebyarbola.org,AVAILABILITY,origin.list,origin.list,2001-08-04 16:38:35.279293,0e1371e337b1935df65381d4
geeq.id,AVAILABILITY,origin.list,origin.list,2001-08-04 16:38:35.291927,0e1371e337b1935df65381d4
gemasulawesi.com,AVAILABILITY,origin.list,origin.list,2001-08-04 16:38:35.304605,0e1371e337b1935df65381d4
geni.us,AVAILABILITY,origin.list,origin.list,2001-08-04 16:38:35.317178,0e1371e337b1935df65381d4
genpi.co,AVAILABILITY,origin.list,origin.list,2001-08-04 16:38:35.329743,0e1371e337b1935df65381d4
geograpik.blogspot.com,AVAILABILITY,origin.list,origin.list,2001-08-04 16:38:35.342349,0e1371e337b1935df65381d4
geraifilm.com,AVAILABILITY,origin.list,origin.list,2001-08-04 16:38:35.354963,0e1371e337b1935df65381d4
gerbangkepri.com,AVAILABILITY,origin.list,origin.list,2001-08-04 16:38:35.367611,0e1371e337b1935df65381d4
gerbangkrakatau.id,AVAILABILITY,origin.list,origin.list,2001-08-04 16:38:35.380292,0e1371e337b1935df65381d4
get4link.xyz,AVAILABILITY,origin.list,origin.list,2001-08-04 16:38:35.392891,0e1371e337b1935df65381d4
gg.gg,AVAILABILITY,origin.list,origin.list,2001-08-04 16:38:35.408817,0e1371e337b1935df65381d4
ggwp.id,AVAILABILITY,origin.list,origin.list,2001-08-04 16:38:35.421437,0e1371e337b1935df65381d4
gigapurbalingga.net,AVAILABILITY,origin.list,origin.list,2001-08-04 16:38:35.434056,0e1371e337b1935df65381d4
giladrakor.com,AVAILABILITY,origin.list,origin.list,2001-08-04 16:38:35.446909,0e1371e337b1935df65381d4
giladrakor.tv,AVAILABILITY,origin.list,origin.list,2001-08-04 16:38:35.459722,0e1371e337b1935df65381d4
gilakerja.com,AVAILABILITY,origin.list,origin.list,2001-08-04 16:38:35.472624,0e1371e337b1935df65381d4
globalinvesindonews.com,AVAILABILITY,origin.list,origin.list,2001-08-04 16:38:35.485511,0e1371e337b1935df65381d4
globalplanet.news,AVAILABILITY,origin.list,origin.list,2001-08-04 16:38:35.498292,0e1371e337b1935df65381d4
glory-link.com,AVAILABILITY,origin.list,origin.list,2001-08-04 16:38:35.511092,0e1371e337b1935df65381d4
gm2play.com,AVAILABILITY,origin.list,origin.list,2001-08-04 16:38:35.524052,0e1371e337b1935df65381d4
gmbsport.com,AVAILABILITY,origin.list,origin.list,2001-08-04 16:38:35.536966,0e1371e337b1935df65381d4
gmplay.asia,AVAILABILITY,origin.list,origin.list,2001-08-04 16:38:35.549907,0e1371e337b1935df65381d4
goal388.org,AVAILABILITY,origin.list,origin.list,2001-08-04 16:38:35.562891,0e1371e337b1935df65381d4
goanimedesu.net,AVAILABILITY,origin.list,origin.list,2001-08-04 16:38:35.575877,0e1371e337b1935df65381d4
goblintv.xyz,AVAILABILITY,origin.list,origin.list,2001-08-04 16:38:35.588863,0e1371e337b1935df65381d4
goblintvfree.com,AVAILABILITY,origin.list,origin.list,2001-08-04 16:38:35.601800,0e1371e337b1935df65381d4
gogiok.com,AVAILABILITY,origin.list,origin.list,2001-08-04 16:38:35.614646,0e1371e337b1935df65381d4
goldennews.co.id,AVAILABILITY,origin.list,origin.list,2001-08-04 16:38:35.627658,0e1371e337b1935df65381d4
golpaten.blogspot.com,AVAILABILITY,origin.list,origin.list,2001-08-04 16:38:35.640595,0e1371e337b1935df65381d4
gomentod.com,AVAILABILITY,origin.list,origin.list,2001-08-04 16:38:35.653526,0e1371e337b1935df65381d4
gomunime.online,AVAILABILITY,origin.list,origin.list,2001-08-04 16:38:35.666612,0e1371e337b1935df65381d4
gomunime.vip,AVAILABILITY,origin.list,origin.list,2001-08-04 16:38:35.679561,0e1371e337b1935df65381d4
goodnewsfromindonesia.id,AVAILABILITY,origin.list,origin.list,2001-08-04 16:38:35.692636,0e1371e337b1935df65381d4
goozir.com,AVAILABILITY,origin.list,origin.list,2001-08-04 16:38:35.705690,0e1371e337b1935df65381d4
goraps.com,AVAILABILITY,origin.list,origin.list,2001-08-04 16:38:35.718848,0e1371e337b1935df65381d4
goriau.com,AVAILABILITY,origin.list,origin.list,2001-08-04 16:38:35.732004,0e1371e337b1935df65381d4
gosipyuk.com,AVAILABILITY,origin.list,origin.list,2001-08-04 16:38:35.745207,0e1371e337b1935df65381d4
gotvnews.co.id,AVAILABILITY,origin.list,origin.list,2001-08-04 16:38:35.758344,0e1371e337b1935df65381d4
gpmojo.co,AVAILABILITY,origin.list,origin.list,2001-08-04 16:38:35.771605,0e1371e337b1935df65381d4
grairgos.net,AVAILABILITY,origin.list,origin.list,2001-08-04 16:38:35.784797,0e1371e337b1935df65381d4
gresiknews.co,AVAILABILITY,origin.list,origin.list,2001-08-04 16:38:35.797980,0e1371e337b1935df65381d4
grid.id,AVAILABILITY,origin.list,origin.list,2001-08-04 16:38:35.811278,0e1371e337b1935df65381d4
gridoto.com,AVAILABILITY,origin.list,origin.list,2001-08-04 16:38:35.824536,0e1371e337b1935df65381d4
gudangbanner.com,AVAILABILITY,origin.list,origin.list,2001-08-04 16:38:35.840890,0e1371e337b1935df65381d4
gudangmovies21.link,AVAILABILITY,origin.list,origin.list,2001-08-04 16:38:35.854052,0e1371e337b1935df65381d4
gudangpemain.com,AVAILABILITY,origin.list,origin.list,2001-08-04 16:38:35.867246,0e1371e337b1935df65381d4
guru-id.com,AVAILABILITY,origin.list,origin.list,2001-08-04 16:38:35.880493,0e1371e337b1935df65381d4
habanusantara.net,AVAILABILITY,origin.list,origin.list,2001-08-04 16:38:35.893768,0e1371e337b1935df65381d4
hackelevensol.com,AVAILABILITY,origin.list,origin.list,2001-08-04 16:38:35.906944,0e1371e337b1935df65381d4
hai.grid.id,AVAILABILITY,origin.list,origin.list,2001-08-04 16:38:35.920990,0e1371e337b1935df65381d4
haibunda.com,AVAILABILITY,origin.list,origin.list,2001-08-04 16:38:35.934133,0e1371e337b1935df65381d4
hakamovie.cc,AVAILABILITY,origin.list,origin.list,2001-08-04 16:38:35.947344,0e1371e337b1935df65381d4
hakamovie.vip,AVAILABILITY,origin.list,origin.list,2001-08-04 16:38:35.960640,0e1371e337b1935df65381d4
hakamovie.xyz,AVAILABILITY,origin.list,origin.list,2001-08-04 16:38:35.974097,0e1371e337b1935df65381d4
hakanime.com,AVAILABILITY,origin.list,origin.list,2001-08-04 16:38:35.987373,0e1371e337b1935df65381d4
halal.ad,AVAILABILITY,origin.list,origin.list,2001-08-04 16:38:36.000777,0e1371e337b1935df65381d4
halamansembilan.com,AVAILABILITY,origin.list,origin.list,2001-08-04 16:38:36.014145,0e1371e337b1935df65381d4
halmaherapost.com,AVAILABILITY,origin.list,origin.list,2001-08-04 16:38:36.027624,0e1371e337b1935df65381d4
halopaginews.com,AVAILABILITY,origin.list,origin.list,2001-08-04 16:38:36.041019,0e1371e337b1935df65381d4
halopantura.com,AVAILABILITY,origin.list,origin.list,2001-08-04 16:38:36.054336,0e1371e337b1935df65381d4
halosumsel.co.id,AVAILABILITY,origin.list,origin.list,2001-08-04 16:38:36.067870,0e1371e337b1935df65381d4
haluan.co,AVAILABILITY,origin.list,origin.list,2001-08-04 16:38:36.081297,0e1371e337b1935df65381d4
haluankepri.com,AVAILABILITY,origin.list,origin.list,2001-08-04 16:38:36.094700,0e1371e337b1935df65381d4
haluanriau.co,AVAILABILITY,origin.list,origin.list,2001-08-04 16:38:36.108134,0e1371e337b1935df65381d4
haluansumatera.com,AVAILABILITY,origin.list,origin.list,2001-08-04 16:38:36.121497,0e1371e337b1935df65381d4
hantaran.co,AVAILABILITY,origin.list,origin.list,2001-08-04 16:38:36.134867,0e1371e337b1935df65381d4
happistar8.com,AVAILABILITY,origin.list,origin.list,2001-08-04 16:38:36.148359,0e1371e337b1935df65381d4
harapanrakyat.com,AVAILABILITY,origin.list,origin.list,2001-08-04 16:38:36.161657,0e1371e337b1935df65381d4
hargawebsite.com,AVAILABILITY,origin.list,origin.list,2001-08-04 16:38:36.175079,0e1371e337b1935df65381d4
harianandalas.com,AVAILABILITY,origin.list,origin.list,2001-08-04 16:38:36.188711,0e1371e337b1935df65381d4
harianbhirawa.com,AVAILABILITY,origin.list,origin.list,2001-08-04 16:38:36.202078,0e1371e337b1935df65381d4
harianhaluan.com,AVAILABILITY,origin.list,origin.list,2001-08-04 16:38:36.215449,0e1371e337b1935df65381d4
harianjogja.com,AVAILABILITY,origin.list,origin.list,2001-08-04 16:38:36.228900,0e1371e337b1935df65381d4
hariankepri.com,AVAILABILITY,origin.list,origin.list,2001-08-04 16:38:36.242442,0e1371e337b1935df65381d4
harianmemokepri.com,AVAILABILITY,origin.list,origin.list,2001-08-04 16:38:36.256158,0e1371e337b1935df65381d4
hariannusa.com,AVAILABILITY,origin.list,origin.list,2001-08-04 16:38:36.269637,0e1371e337b1935df65381d4
harianrakyataceh.com,AVAILABILITY,origin.list,origin.list,2001-08-04 16:38:36.283236,0e1371e337b1935df65381d4
harianrakyatbengkulu.com,AVAILABILITY,origin.list,origin.list,2001-08-04 16:38:36.296867,0e1371e337b1935df65381d4
hariansilampari.co.id,AVAILABILITY,origin.list,origin.list,2001-08-04 16:38:36.310402,0e1371e337b1935df65381d4
hariansinggalang.co.id,AVAILABILITY,origin.list,origin.list,2001-08-04 16:38:36.323947,0e1371e337b1935df65381d4
hariansuara.com,AVAILABILITY,origin.list,origin.list,2001-08-04 16:38:36.337555,0e1371e337b1935df65381d4
harimanado.com,AVAILABILITY,origin.list,origin.list,2001-08-04 16:38:36.351278,0e1371e337b1935df65381d4
